LINHAS = 100
COLUNAS = 100
1864 2141 2317 1853 1996 2174 2267 2075 2290 2478 2316 2214 2067 2185 2076 2120 2075 2411 1998 2043 2306 1913 2076 2101 2196 2273 2260 2136 2032 2011 2032 2144 2175 2327 2109 2208 2285 2235 2025 2245 2142 2551 2109 2221 2130 2101 2031 2580 2299 2121 2168 2325 2215 2183 2239 2318 2082 2238 2297 2264 2123 1929 2022 2206 1926 2351 2047 2541 2168 2243 2194 2055 1873 2163 2156 2131 2025 2145 2185 2088 2003 2061 2224 2300 2398 2368 2302 2428 2163 2049 1948 1868 2237 2156 2317 2039 2246 2131 2329 2086 
1783 2017 2181 1682 1928 2022 2127 1874 2130 2159 1975 2119 2090 2047 1916 1956 1889 2238 1872 1804 2117 1918 2145 1896 2061 2155 2040 2073 1953 1902 2058 1878 2042 2200 1921 1983 2164 1845 1821 2036 2032 2368 1928 2060 1739 2050 1933 2369 2004 2036 1880 2200 1949 1947 2175 1974 2008 2081 1989 2087 2018 1814 1893 2078 1801 2031 1936 2209 2014 1984 2114 1966 1791 1984 1902 2079 1824 1953 2004 2004 1761 1896 1952 2059 2274 2193 2093 2137 2010 2019 1744 1849 2017 2183 2324 1669 1915 1821 2079 1846 
1776 1822 1952 1853 1978 1956 2127 1731 1914 1987 1911 2066 2078 2047 1825 1841 1784 2033 1888 1954 2077 1934 1949 1835 1982 2057 1942 1936 1920 1809 1876 1884 1947 2124 1806 1992 1919 1965 1980 1793 1853 2142 1948 2010 1654 1822 1949 2289 1870 1819 1691 2012 1976 1905 2017 1903 1780 2019 2118 2023 2106 1849 1969 2074 1655 1956 1932 2115 1858 1983 1951 1907 1745 1777 1791 2042 1805 2063 2013 1939 1768 1806 1995 1978 2289 1901 2172 2053 1866 2018 1798 1925 1849 2095 2056 1685 1936 1843 2100 1688 
1961 2016 2045 1912 1856 1960 1976 1909 1979 2244 2191 2217 1933 2163 2060 1982 1994 2026 1845 1897 2086 1880 2090 1965 2077 2026 1931 2002 2049 1815 2001 2105 2017 2278 1892 2112 1975 2031 1950 1926 1989 2371 2007 2099 1744 2041 1889 2418 1913 2042 1926 2094 2056 2054 2084 2088 1863 2058 2091 2074 2049 1940 1890 1995 1695 2142 2035 2202 1960 1938 1988 1901 1828 1972 1925 1972 1984 2183 2064 2173 1997 2099 2291 1992 2425 2229 2052 2093 1904 1982 1834 1854 1974 2137 2211 1798 2052 1977 2120 2013 
1867 1856 1942 1722 1748 1986 2059 1673 1990 2226 2139 2135 1941 2027 2023 1880 1848 2064 1823 1828 2096 1895 2100 1785 1980 1925 1982 1853 1785 1820 2057 2029 1888 2124 1960 2143 2059 1875 1887 1950 1952 2346 2094 2010 1620 1994 1873 2402 1867 1884 1981 2105 1931 1872 2034 1993 1971 2123 2052 1938 2029 2013 1755 1856 1560 2153 1929 2328 2027 1968 2056 1943 1985 1788 2011 1917 1949 2186 1925 1962 1698 1968 2156 1943 2256 2108 2028 2186 1843 1936 1825 1826 2074 1983 2022 1812 2013 1773 2100 1885 
2105 2278 2384 2027 2137 2247 2210 1913 2235 2409 2413 2421 2333 2211 2124 2024 2088 2194 2085 2170 2253 1976 2133 2008 2259 2343 2306 2159 2028 2035 2210 2073 2144 2367 2125 2264 2370 2099 2231 2312 2243 2493 2282 2310 2021 2273 1973 2695 2173 2373 2153 2255 2178 2159 2261 2210 2213 2326 2260 2312 2296 1968 2072 2309 1688 2328 2252 2520 2239 2339 2116 2212 2149 2283 2337 2320 2236 2239 2137 2239 1956 2236 2244 2261 2353 2316 2259 2312 2274 2184 1858 2193 2318 2054 2353 2066 2159 2089 2407 2079 
1958 1884 2084 1630 1842 1985 1799 1795 2115 2208 2170 2166 1986 1889 1820 1927 1901 2156 1888 1721 1900 1636 2024 1729 1944 1867 1948 2050 1828 1642 1819 1630 1878 2110 1800 2099 1777 1836 1803 2004 1855 2292 1874 2019 1580 1947 1740 2394 1996 1960 2002 2202 1850 1949 2110 1961 1904 1967 1924 2045 1800 1906 1834 2017 1597 2075 1914 2251 1856 2032 1801 1878 1786 1811 1981 1826 1789 1948 1934 1860 1583 1977 2103 1828 2259 2121 1843 1990 1961 1920 1672 1680 2058 1793 1946 1685 1917 1657 2134 2039 
1696 1872 1909 1434 1740 1842 1913 1758 1758 1912 1989 1932 1823 1811 1887 1784 1768 1933 1714 1741 2035 1760 1840 1796 1919 1796 1927 1762 1834 1702 1886 1903 1748 1930 1637 1837 1733 1702 1721 1649 1798 2029 1923 1877 1574 1567 1738 2120 1676 1808 1711 2024 1708 1666 1917 1836 1766 1712 1805 2017 1764 1698 1638 1609 1648 1726 1589 1974 1888 1734 2048 1785 1708 1743 1865 1779 1779 1802 1716 1839 1790 1842 1879 1842 2003 2102 1858 1854 1745 1874 1580 1652 1818 1922 1949 1587 1745 1702 1889 1791 
1566 1797 1945 1720 1808 1910 1918 1771 1866 2130 1918 2039 1846 1962 2010 1911 1747 1923 1850 1789 1890 1898 1893 1787 1784 1894 1968 1840 1659 1699 1772 1691 1881 2093 1759 1870 1916 1801 1917 1724 1824 2110 1722 1990 1830 2063 1721 2244 1898 1837 1797 1898 1920 1855 2030 1991 1812 1865 1914 2130 1859 1832 1896 1843 1452 1996 1784 2096 2003 1922 1811 1901 1815 1845 1875 1844 1891 1864 1944 1837 1729 1793 1843 1773 1987 2044 1840 1946 1714 1898 1720 1641 1992 2005 1977 1713 1858 1821 1917 1673 
1615 1770 1999 1721 1715 1839 1854 1622 1837 2085 1915 1915 1782 1851 1902 1762 1643 1884 1822 1721 1860 1577 1932 1687 1894 1894 1894 1845 1715 1585 1870 1836 1716 2012 1876 1906 1853 1793 1771 1849 1699 2106 1892 1880 1508 1908 1725 2131 1814 1850 1577 1831 1985 1894 1856 1889 1709 1842 2100 1939 1971 1815 1806 1996 1517 1804 1798 2020 1703 1825 1702 1853 1680 1773 1935 1764 1891 1934 1713 1827 1740 1619 1881 1823 2075 2055 1922 2132 1731 1844 1708 1830 1861 1903 1867 1600 1837 1707 2004 1551 
1539 1887 1805 1634 1727 1653 2029 1813 1924 2071 1991 2005 1893 1933 1739 1789 1703 1995 1820 1819 1995 1589 1808 1722 1844 1913 2108 1905 1729 1735 1790 1900 1854 1924 1896 1945 1860 1880 1829 1946 1819 2132 1818 2018 1598 1803 1864 2024 1794 1892 1856 1990 1833 1768 1940 1904 1695 1853 2109 1922 1779 1820 1802 1903 1577 1871 1840 2067 1758 1954 1962 1931 1625 1801 1889 1792 1734 1868 1739 1784 1505 1785 1959 1938 2090 1888 1981 2262 1939 2014 1597 1755 1891 1767 1881 1621 1887 1711 1877 1619 
1733 1984 2196 1801 2084 2147 2051 1856 2003 2279 2321 2234 2067 2185 2143 2103 1948 2358 1983 1865 2202 1820 2081 1853 2180 2192 2317 2127 1790 1858 1977 1955 1954 2310 2001 2199 2128 2051 2010 2067 1993 2214 2032 2233 1835 2238 2059 2577 2190 2201 1938 2238 2202 2132 2272 2197 2104 2056 2181 2369 2114 2092 2089 2006 1728 2096 2015 2444 1891 2173 2105 2004 1899 1938 2232 2099 2047 1981 2050 1907 1808 1958 2026 2162 2264 2142 2058 2195 1921 2101 1751 1831 2033 2027 2165 1840 1990 1963 2260 1981 
1809 1834 1864 1772 1811 1762 1943 1691 1944 2093 1994 2173 1946 1959 1946 1894 1769 1946 1687 1927 1876 1835 1859 1956 1824 1961 1998 1850 1920 1709 2076 1793 1927 2048 1715 1946 1930 1877 1835 1899 1809 2130 1842 2023 1610 1820 1829 2225 1887 1977 1778 1872 1914 1862 1931 2036 1643 2028 2004 1939 1922 1889 1870 1823 1612 1938 1934 2094 2007 1926 1805 1826 1858 1682 1955 1895 1911 1906 1939 1764 1780 1982 2238 1951 2067 1980 1825 2114 2053 1781 1707 1669 1864 1984 1924 1642 1927 1770 2143 1828 
1801 1798 2025 1746 1841 2068 1938 1849 1867 2289 2039 2113 1983 1988 1993 1801 1956 1926 1704 1963 2171 1760 1824 1900 2106 1908 1880 1886 1944 1791 1726 1956 1897 2232 1739 2122 2047 1934 1954 1948 1813 2262 2102 1987 1807 1911 1820 2424 1921 1848 1935 2102 1976 2036 2057 2026 1931 1942 1999 2007 1989 1956 1992 1941 1579 2054 1982 2220 1837 1822 1904 2042 1760 1856 1953 2002 1868 2006 2000 1980 1987 2008 2135 2043 2209 2096 2051 2028 1961 1957 1777 1837 2082 1951 2107 1800 2009 1766 2112 1824 
1799 1960 2127 1760 1730 1904 2102 1829 2023 2451 2051 2123 2088 1970 2058 2076 1842 2018 1916 2048 1962 1730 2060 1996 2126 2158 2177 1954 1756 1801 1901 1892 1896 2298 1829 2011 2043 1975 1943 1909 1973 2332 1944 2171 1763 2013 1811 2293 1925 2006 1946 2097 1961 1924 2176 1993 1893 2134 2067 2092 2097 1975 1978 1899 1799 2177 2035 2220 1939 1976 2001 1969 1882 2015 1975 1968 1983 1920 2102 1827 1774 2099 2168 2012 2193 2137 1993 2147 2026 1775 1762 1616 2029 1959 2075 1693 2047 1874 2193 2009 
1665 1947 1961 1703 1964 2074 2094 1863 2026 2167 2025 2058 2082 2118 2055 2037 1959 2138 1971 1916 2144 1845 2079 1910 2058 2247 2014 2016 1916 1877 1866 2008 1931 2300 2002 2089 2043 2255 1828 2017 2037 2264 2154 2094 2031 2054 1982 2525 2080 1948 1930 2165 2046 1996 2076 2229 1997 2003 2261 2145 1987 1938 2041 2049 1778 2194 2017 2404 1876 1996 2108 1939 1618 2110 1949 1974 1966 2062 2144 1967 1808 1859 2154 2242 2246 2121 2225 2319 1964 1857 1742 1877 1992 1900 2108 1767 2014 2049 2201 1813 
1821 1851 1997 1739 1694 1926 1877 1884 1817 2078 2064 2019 1912 2019 1973 1788 1826 2000 1859 1863 1847 1883 1625 1814 1959 1878 1964 1739 1835 1758 1854 1999 2001 2103 1747 2063 1932 1944 1925 1939 1784 2094 1788 1938 1771 1940 1694 2251 1886 1983 1822 1904 1971 1975 1984 1856 1790 2001 1877 2084 1913 1786 1900 1844 1556 1979 1712 2127 1915 1896 1949 1806 1834 1869 1931 1996 1844 1927 1837 1977 1762 1766 2083 1827 2228 2128 1903 1941 1772 1758 1713 1629 2057 1915 1998 1753 1983 1831 2169 1776 
1630 1678 1901 1770 1780 1853 1759 1695 1747 2070 1875 2078 1814 1903 1740 1667 1700 1737 1683 1811 1516 1596 1791 1833 1845 1650 1654 1840 1725 1481 1665 1725 1773 2017 1759 1857 1784 1683 1917 1770 1636 1885 1788 1827 1640 1648 1539 2106 1818 1791 1804 1859 1847 1708 1796 1871 1779 1889 1818 1935 1829 1659 1714 1813 1427 1842 1515 1930 1660 1845 1651 1802 1707 1820 1743 1821 1745 1719 1794 1830 1637 1648 1780 1695 1997 1829 1738 1913 1853 1652 1512 1630 1688 1697 1962 1582 1783 1765 1899 1555 
1696 1740 1987 1830 1739 1925 2029 1866 1961 2208 1973 2107 2060 2070 2029 1834 1858 2112 1862 1875 1893 1771 1897 1851 2067 1953 2003 2014 1805 1573 1896 1928 1985 2304 1769 2018 1947 2037 1889 1860 1870 2211 1861 2244 1787 2237 1783 2324 1977 1911 1909 1965 2004 2096 2062 2004 1810 2074 2064 2135 2004 1944 2106 1984 1648 2023 1975 2362 1936 1955 1987 1941 1749 1881 1982 1920 1900 1858 2028 2032 1852 1860 2039 1934 2330 2114 2051 2151 1834 1722 1718 1787 1922 1898 2130 1730 1900 1894 2077 1880 
2055 2269 2370 2082 2186 2079 2297 2017 2280 2534 2253 2497 2213 2395 2229 2213 2147 2437 2166 2013 2404 1937 2150 2116 2276 2278 2303 2164 2275 2031 2038 2267 2066 2502 2036 2284 2202 2172 2177 2241 2185 2526 2187 2402 2014 2071 2148 2529 2325 2300 2159 2245 2269 2123 2442 2281 2094 2157 2214 2240 2249 2035 2191 2381 1879 2313 2143 2420 2291 2231 2203 2263 2002 2122 2268 2110 2064 2172 2300 2314 2002 2302 2374 2281 2573 2345 2268 2322 2280 2136 1978 1942 2213 2184 2398 2024 2199 2049 2340 2203 
1999 2213 2167 1985 2143 2004 2281 1952 2125 2301 2313 2449 2165 2160 2185 2210 1995 2276 1967 2165 2092 1889 2238 2100 2270 2308 2288 2111 1873 1771 2069 2119 2172 2322 2096 2251 2095 2031 2085 2236 2175 2475 2164 2318 1897 2091 2043 2657 2169 2191 2023 2164 2169 2056 2193 2196 2152 2294 2315 2277 2105 1996 2115 2108 1809 2249 2019 2378 2250 2385 2212 1986 1979 2109 2238 2100 2126 2128 2138 2135 1880 2143 2148 2230 2309 2218 2150 2312 2004 2018 1720 1922 2004 1987 2392 1836 2077 2145 2401 2114 
1687 1915 1942 1680 1720 1987 2011 1807 1772 2146 2060 2076 1857 2084 1952 1870 1885 2053 1838 1823 1974 1743 1979 1806 2070 1997 2157 1997 1746 1718 1768 2006 1911 2213 1830 1954 1952 1965 1909 1720 1935 2237 1960 2094 1795 1946 1929 2125 1918 2003 1933 2086 1940 1997 1846 2052 1890 1954 2038 2072 1956 1845 1840 1965 1461 2141 1877 2383 1769 1813 1954 1824 1787 1949 1858 1972 1823 2050 1853 1974 1769 2052 2080 1970 2289 1956 1994 2103 1861 1826 1841 1871 2073 1966 1896 1768 1755 1889 2207 1826 
1799 1767 1918 1791 1985 1966 2046 1774 1931 2028 1962 2206 2008 2054 1876 1878 2016 2124 1849 2018 1972 1806 1870 1856 1850 1990 1981 1987 2048 1692 1827 1990 1774 2096 1777 1950 1961 1878 2044 1760 1939 2115 1929 2165 1668 2038 1855 2301 2000 1999 1929 1985 2052 1908 2062 1887 1954 2033 2034 2017 1877 1802 1862 2030 1455 2027 1848 2274 1896 1908 1884 1880 1877 1870 1969 1957 1670 1994 1973 2000 1814 1943 1999 1834 2199 2033 2157 2009 1892 1916 1655 1807 1918 1966 2223 1806 1782 2001 2132 1854 
1996 2127 2282 1847 1953 2195 2328 2014 2219 2445 2299 2427 2215 2094 2146 2156 1952 2216 2048 2051 2182 2033 2322 2012 2255 2347 2256 2183 1946 1840 2224 2151 2121 2438 2079 2242 2159 2108 2048 2274 2174 2580 2037 2274 1892 2202 1882 2613 2063 2174 2031 2276 2182 2240 2160 2096 1956 2198 2211 2237 2046 2175 2023 2275 1719 2293 2120 2430 2218 2097 2276 2284 1977 2051 2031 2205 2042 2244 2090 2258 2184 2228 2354 2138 2463 2311 2212 2127 2173 2153 2017 1946 2241 2182 2247 1948 2227 2028 2358 2203 
1862 2068 2258 1857 2012 2231 2226 2086 2069 2393 2262 2395 2182 2213 2146 2113 2123 2261 2121 2129 2097 1880 2235 2078 2293 2217 2142 2076 2075 2053 2062 2183 2008 2519 2008 2382 2090 2209 2066 2224 2124 2396 2113 2168 1975 2063 1898 2640 2160 2195 2135 2394 2069 2057 2293 2244 2096 2173 2079 2197 2158 2085 2068 2111 1904 2155 2070 2517 2140 2176 2341 2098 1789 2156 2200 2261 2000 2131 2224 2089 2055 2222 2207 2172 2411 2329 2280 2337 2014 2135 1932 2099 2152 2110 2278 1939 2009 2037 2338 2221 
1700 1708 1695 1543 1630 1819 1799 1600 1793 1971 1825 1867 1647 1597 1755 1625 1664 1783 1592 1604 1559 1438 1808 1670 1791 1690 1654 1650 1660 1570 1734 1689 1638 1905 1734 1819 1776 1624 1637 1796 1608 1926 1892 1713 1403 1649 1522 2096 1844 1698 1678 1922 1859 1861 1884 1913 1697 1791 1867 1755 1670 1760 1830 1769 1636 1808 1632 1917 1488 1829 1831 1587 1589 1641 1714 1832 1748 1697 1725 1725 1728 1558 1754 1689 1892 1905 1641 1913 1662 1617 1480 1617 1665 1692 1774 1475 1878 1707 1775 1565 
1862 1963 2065 1693 1953 2045 1976 1905 2013 2152 2136 2207 2123 2040 2082 2061 1994 2039 1941 1885 2021 1786 1871 1809 1944 2088 1979 1960 1926 1711 1935 1883 2028 2287 1869 2161 2063 2106 1915 1981 1947 2169 1839 2126 1803 2061 1932 2411 1832 2093 1926 2116 1911 1835 2140 2028 1934 1978 2043 2104 2040 1917 1923 1973 1609 2026 1935 2352 1983 2016 1884 1956 1866 1910 2038 1994 1912 2032 1999 1882 1779 2106 2190 2008 2303 2110 1964 2072 1964 1829 1691 1751 2161 1832 2153 1824 1945 2014 2209 1959 
1942 2192 2240 1879 2057 2074 2264 1943 2035 2304 2169 2325 2130 2137 2167 2128 2028 2203 1985 2051 2184 1968 1971 1947 2185 2190 2150 2005 2080 1896 2022 2099 1996 2291 1955 2143 2042 1941 2065 2090 2201 2373 2077 2241 1802 2067 2003 2547 2047 2128 2120 2246 2051 2036 2263 2164 2062 2211 2369 2117 2042 1942 2115 2242 1686 2299 2125 2419 2142 2173 2298 2155 1979 2077 1975 2310 1856 2205 2164 2147 2045 2190 2157 2121 2398 2232 2135 2247 2200 2016 1864 1924 2131 1936 2331 1911 2116 1967 2266 2138 
1881 2047 2039 1748 1759 1914 1939 1816 1997 2180 2191 2146 2100 2115 1930 1879 1932 1871 1915 1958 2109 1899 2019 1869 1940 2134 2135 1993 1852 1851 1934 1941 1900 2099 1781 2285 1871 2006 1994 1867 2026 2200 2048 2025 1735 2054 1909 2342 1818 2050 1939 1949 2087 1931 1985 2140 1868 2118 2156 2043 2103 1890 1924 1862 1501 1971 2120 2320 1857 1899 2007 2004 1847 1951 1958 2002 2065 2192 1970 1858 1899 2044 2068 2022 2221 2086 2024 2236 2023 1907 1801 1739 2006 2103 1910 1771 1855 1957 2203 1886 
2042 2127 2323 2086 2007 2067 2233 2012 2263 2466 2384 2393 2273 2238 2137 2100 2116 2295 2136 2198 2300 1975 2129 2085 2280 2334 2356 2136 2117 2022 2049 2275 2234 2457 2034 2330 2216 2228 2220 2164 2020 2584 2209 2207 1974 2228 1921 2479 2056 2271 2046 2195 2306 2150 2313 2110 2013 2314 2393 2295 2209 2103 2265 2153 1825 2327 2120 2490 2178 2125 2219 2354 2011 2203 2258 2194 2160 2303 2198 2128 2061 2091 2353 2203 2461 2352 2299 2383 2165 1972 2075 2037 2236 2119 2251 1919 2241 2163 2284 2082 
1883 1853 2053 1758 1906 2054 2171 1835 1944 2299 2004 2194 1987 2011 2033 1871 1913 2201 1933 1982 2070 1747 2000 1890 1999 2059 2048 1982 1905 1827 1889 2027 1870 2256 1963 2071 2159 1995 1845 2012 2047 2363 2062 2054 1722 2117 1826 2312 1888 1978 1989 2088 1949 2014 2073 1942 1902 2160 1973 1873 2041 1833 1966 2135 1534 2229 1976 2353 2001 1929 2012 2030 1809 2089 2091 1977 1765 2130 1982 2049 1916 2104 2280 2002 2377 2205 2206 2079 1977 1823 1826 1743 2129 1970 2202 1792 1896 1779 2196 1952 
1775 1823 1922 1727 1628 1880 1981 1803 1733 2156 2053 1966 1807 1907 1809 1760 1873 2093 1744 1822 1918 1837 1793 1932 1953 1839 1997 1804 1766 1668 1716 1968 1853 2040 1736 1867 1821 1904 1999 1798 1829 2196 1603 1927 1667 1926 1693 2057 1920 1808 1881 1979 1897 1864 2067 1845 1757 1870 1950 2237 1807 1852 1757 1803 1533 2121 1862 2156 1924 1924 1843 1905 1758 1851 1896 1901 1674 1925 1841 1877 1724 1975 1898 1810 2235 1977 1901 2068 1917 1893 1836 1762 2165 1936 1926 1660 1812 1826 2106 1908 
1795 1841 1921 1651 1871 1857 1953 1696 1742 2105 1925 1950 1804 1840 1931 1906 1843 1833 1789 1677 2010 1693 1835 1758 1812 1927 1907 1813 1759 1747 1906 1798 1775 2104 1828 1885 1976 1813 1746 1766 1826 2040 1955 1829 1573 1842 1832 2234 1864 1787 1752 2011 1865 1926 1893 1968 1956 1761 1999 2035 1992 1899 1806 1879 1619 1850 2055 2063 1753 1838 1839 1902 1755 1805 1960 2008 1860 1933 1867 1965 1704 1889 1833 1876 2104 2061 1889 2100 1987 1987 1820 1767 1958 1953 2009 1631 1930 1789 2161 1727 
1603 2104 2102 1745 1937 2063 2115 1850 1876 2161 2090 2146 1968 2109 2047 1915 1821 2132 1924 1940 2129 1877 2079 1873 2089 2148 1911 2059 1800 1786 1843 1875 1852 2282 1953 2054 2012 1977 1940 2142 2023 2271 2049 2113 1827 2025 1659 2444 1921 2036 1977 2109 1956 1974 2158 2163 2021 1981 2216 2153 1805 1964 2017 2037 1605 2118 1979 2270 2027 2015 2068 2102 1893 2167 2036 2071 2024 2050 2022 1874 1876 1994 1932 2137 2230 2145 2217 2311 2062 2067 1686 1859 2072 1861 2178 1757 1977 1857 2020 1919 
1852 1941 2120 1708 1915 1986 2161 1838 2167 2310 2112 2159 2161 2140 2005 1921 2001 1983 1965 2043 2180 1644 2123 1907 1940 2165 2179 2068 1991 1763 2007 2024 2080 2151 1964 2099 2186 1924 1924 2018 2126 2266 2035 2225 1965 2042 2033 2402 1996 2059 1938 1962 1969 1810 2056 2020 1913 2036 2105 2130 2079 1999 1947 2031 1618 2075 1889 2368 2088 1966 2169 2043 1827 2051 2298 1948 1973 1918 2105 1980 1871 2087 2220 2080 2251 2083 2188 2204 2196 1863 1774 1956 2110 2010 2179 1777 2003 1935 2042 2058 
1747 1776 1996 1627 1874 1830 2188 1778 1935 2122 2042 2005 1906 2019 1909 1915 1689 2154 1793 1924 1991 1858 1986 1904 1954 1911 2074 2152 1751 1755 1948 1780 1959 2130 1820 1831 1963 1872 1742 1855 1683 2173 1939 2150 1708 2017 1754 2298 2054 1813 1883 2170 1901 1883 2051 1869 1884 2070 2288 1999 1867 1836 1905 1984 1719 2019 1898 2088 1866 1941 2057 1944 1822 1957 1987 1939 1768 1943 2084 1872 1767 1763 1974 1938 2055 2021 2002 2252 2075 1785 1719 1797 1779 1872 2033 1598 1922 1859 2154 1735 
2044 2149 2167 2155 2046 2123 2313 2090 2237 2337 2193 2403 2250 2393 2307 2002 2161 2426 1917 2098 2265 1977 2182 2036 2269 2241 2199 2141 1982 2022 2096 2165 2228 2382 2044 2281 2349 2136 2102 2037 2156 2543 2231 2342 1895 2280 2148 2531 2171 2282 2011 2298 2268 2286 2239 2290 2172 2290 2326 2327 2285 2144 2226 2219 1874 2305 2184 2463 2150 2246 2199 2112 2059 2193 2180 2276 2152 2348 2183 2247 1958 2101 2328 2305 2570 2274 2225 2525 2015 2164 1795 1983 2266 2208 2520 1870 2106 2045 2307 2034 
1695 1856 1885 1737 1737 1978 1956 1691 1748 2039 1885 2156 1907 1810 2044 1836 1777 1887 1879 1853 1878 1859 1794 1797 1849 1979 1917 1658 1820 1777 1656 1760 1812 2055 1839 2109 2007 1949 1815 1702 1972 2074 1792 1852 1841 1794 1753 2303 1881 1788 1802 1924 1909 1896 1906 1913 1897 1790 2024 2075 1922 1576 1895 1918 1383 2025 1999 2232 1955 2032 2001 1954 1800 1892 1861 2099 1692 1942 2022 1893 1775 1807 2028 1950 2155 1982 1924 1962 1891 1715 1651 1654 1895 1819 2040 1610 1911 1847 2121 1733 
1920 1876 2031 1807 1940 2036 2096 1877 2028 2122 2005 2090 2149 2000 2033 1747 1847 2010 1905 2111 1944 1878 2024 2019 2111 2020 2020 1886 1890 1818 1893 1887 2037 2164 1901 2083 2135 1997 1847 1929 1993 2341 2056 2128 1857 1984 1782 2258 2025 2044 2041 2106 1948 2077 2148 1990 2010 2188 2137 2339 2011 1954 2009 2100 1611 2147 1994 2307 1899 2007 2216 2047 1880 2061 2077 2086 1859 2068 2097 1948 1899 1823 2046 2050 2264 2045 2250 2228 1921 2063 1821 1991 2096 1929 2083 1836 2014 1815 2103 1929 
1816 2202 2182 1903 2006 1966 2143 1952 2059 2368 2109 2324 2109 2189 2242 2182 2052 2122 2009 2041 2191 1969 2207 2143 2252 2227 2261 2149 2065 1842 2162 1960 2165 2268 1898 2179 2185 2066 1954 2095 2124 2419 2251 2206 1876 2097 2031 2583 2039 2176 1998 2264 2055 2015 2182 2223 1944 2164 2204 2273 2216 2103 2171 2037 1820 2198 2222 2444 2090 2169 2261 2227 1997 1954 2159 2215 2154 2178 2170 2117 1925 2110 2222 2129 2327 2346 2162 2316 2113 2023 1939 1916 1975 2152 2347 1905 2105 1962 2386 2059 
1995 1956 2171 1943 2020 2132 2095 2027 2091 2278 2195 2242 2064 2228 2173 1914 1938 2053 1739 1920 2017 1937 1976 1968 2243 1937 2080 2023 2043 1736 1952 1903 2011 2328 2044 2211 2185 2048 2104 2072 1997 2080 2009 2266 1746 1964 2018 2458 2050 2089 2100 2051 2182 2110 2203 2095 1794 2228 2199 2248 2113 1969 2150 2084 1620 2087 1968 2232 1922 2132 2094 2078 1827 1992 2172 2129 1743 2000 2166 1991 1969 1907 2123 2231 2344 2062 2102 2284 2186 1966 1731 1826 2135 2024 2165 1716 2126 2070 2156 1942 
1909 2261 2306 1967 1964 2153 2102 2044 2285 2275 2300 2266 2229 2390 2084 2106 2035 2229 1929 2003 2324 1975 2080 2107 2264 2227 2172 2063 2027 1929 2175 2025 2018 2396 2120 2285 2100 2096 2133 2116 2010 2287 2229 2281 1977 2158 2175 2464 2084 2152 2093 2238 2114 2120 2250 2298 2192 2117 2308 2273 2311 1963 2086 2175 1962 2252 2148 2332 2098 2226 2284 2161 2140 2099 2010 2166 2241 2158 2247 2124 1888 2059 2199 2198 2336 2212 2269 2473 2107 2134 1891 1738 2107 1988 2404 1888 2145 1964 2412 2085 
1977 2194 2201 2000 2061 2163 2160 1967 2158 2449 2273 2555 2212 2078 2301 2129 2105 2140 2185 2301 2225 2028 2299 2202 2304 2199 2120 2304 2161 1890 2155 2201 2292 2512 2127 2434 2348 2146 2146 2094 2247 2548 2153 2320 1943 2184 2027 2604 2142 2255 2156 2179 2122 1964 2202 2267 2049 2180 2316 2479 2368 2281 2119 2183 1754 2278 2216 2518 2065 2237 2171 2276 1893 2068 2299 2340 2137 2362 2318 2240 1967 2270 2385 2134 2486 2308 2344 2469 2291 2175 2002 2091 2222 2242 2308 2005 2279 2101 2491 2044 
1947 2196 2231 1994 2142 2210 2395 2103 2332 2382 2204 2345 2253 2344 2234 2199 2080 2349 2058 2006 2189 2037 2237 2318 2195 2285 2231 2221 2003 2043 2031 2001 2209 2603 2141 2408 2348 2313 2049 2106 2226 2542 2365 2370 2146 2239 2016 2640 2276 2042 2118 2280 2190 2211 2150 2256 2216 2226 2397 2366 2278 1994 2158 2169 1898 2363 2285 2644 2156 2212 2317 2215 2109 2202 2249 2174 2161 2192 2288 2081 2017 2040 2455 2380 2462 2242 2405 2435 2033 1985 1975 1963 2318 2185 2396 1951 2247 2041 2464 2126 
1965 2030 2134 2097 1971 2057 2134 2086 2138 2480 2232 2326 2131 2124 2234 2005 1903 2164 2101 2035 2089 1870 2145 2016 2258 2211 2174 1903 2062 1851 2054 2136 2195 2458 2073 2235 2199 2217 2104 2064 2037 2390 2139 2277 1950 2124 2060 2540 2080 2033 1957 2259 2165 2193 2205 2377 1933 2151 2204 2157 2232 2065 2040 2211 1878 2269 2072 2330 2065 2232 2035 2088 1872 2052 2202 2063 2193 2303 2060 2184 1960 2118 2195 2106 2473 2321 2132 2286 2063 1961 2022 1925 2087 2150 2206 2043 2167 2022 2352 2026 
1975 2259 2228 1926 1936 2220 2303 1965 2351 2522 2376 2427 2335 2247 2130 2142 2232 2462 2167 2144 2287 2055 2135 2003 2361 2301 2162 2187 2120 2150 2208 2261 2109 2522 2177 2194 2192 2343 2194 2322 2138 2522 2402 2241 2028 2230 2163 2660 2236 2267 2225 2357 2347 2214 2348 2257 2334 2305 2314 2351 2165 2110 2157 2231 1895 2423 2212 2592 2210 2305 2261 2177 1915 2229 1998 2160 2098 2336 2263 2319 2076 2127 2325 2377 2580 2489 2263 2458 2206 2200 1955 1990 2345 2154 2369 1949 2158 2098 2455 2115 
2007 2030 2180 1890 1977 2322 2271 2096 2077 2375 2125 2294 2183 2325 2332 2108 1976 2309 2070 2058 2102 1929 2225 2237 2122 2228 2224 2069 2110 2074 1971 2207 2172 2500 2145 2279 2323 2357 2086 2016 2074 2496 2126 2314 1996 2248 1977 2608 2212 2046 2013 2367 2012 2261 2347 2316 2090 2196 2228 2347 2266 2127 2060 2188 1972 2312 2178 2520 2065 2145 2261 2182 2127 2153 2197 2216 2090 2222 2254 2110 2020 2172 2373 2200 2623 2271 2185 2310 2143 1960 1952 1943 2225 2290 2375 1865 2243 1931 2416 2084 
1567 1856 1871 1612 1668 1973 1938 1735 1761 1725 1902 1899 1891 1917 1761 1834 1658 1985 1682 1814 1878 1752 1757 1731 1732 1960 1945 1793 1788 1742 1712 1796 1940 1891 1739 1974 1907 1816 1862 1805 1838 2194 1604 1944 1573 1774 1680 2024 1571 1918 1693 1846 1760 1776 1856 1825 1595 1819 1900 2089 1721 1657 1752 1731 1495 1876 1608 2203 1975 1901 2047 1600 1641 1904 1860 1834 1771 1945 1751 1791 1672 1859 2106 2026 2008 1999 1974 2050 1694 1660 1578 1651 1977 1718 1898 1539 1691 1774 1792 1831 
1895 2218 2421 2011 2097 2142 2250 2181 2277 2602 2364 2502 2259 2245 2249 2201 2012 2350 2091 2210 2420 2068 2143 2053 2337 2276 2387 2156 2045 1962 2182 2308 2147 2369 2087 2292 2145 2289 2337 2281 2303 2456 2307 2306 2059 2161 2084 2612 2141 2146 2113 2332 2324 2157 2341 2482 1977 2259 2437 2255 2196 2134 2129 2300 1736 2417 2259 2613 2283 2304 2222 2380 2045 2291 2166 2157 2212 2143 2232 2094 2144 2281 2302 2267 2433 2486 2202 2501 2250 2156 1988 1981 2246 2058 2387 2056 2232 2275 2394 2082 
1824 1764 1924 1512 1719 1928 1727 1704 1855 1855 1749 2067 2038 1928 1873 1680 1708 1785 1715 1855 1888 1570 1747 1589 1812 1760 1823 1753 1773 1673 1613 1613 1728 1954 1716 2006 1929 1759 1763 1784 1747 2018 1810 1779 1617 1876 1632 2204 1716 1938 1656 1754 1813 1674 1754 1831 1718 1812 1944 2045 1850 1761 1871 1718 1421 1822 1694 2055 1862 1806 1778 1933 1708 1801 1934 1875 1829 1923 1863 1772 1638 1771 1803 1823 1912 1945 1812 1917 1731 1770 1493 1609 1918 1759 1951 1562 1804 1651 1912 1581 
1779 2039 2074 1818 2067 1986 2012 1969 2020 2309 2258 2309 2192 2126 2132 2164 1964 2213 2059 1963 1970 1901 1926 2099 2040 2070 2103 2100 1901 1792 1877 1933 2075 2263 1931 2302 2023 2186 2021 1969 1912 2273 2153 2194 1939 2066 1968 2350 1972 2035 2021 2122 2140 2034 2072 2164 1993 2039 2269 2288 2064 1931 2050 1909 1938 2057 2125 2468 2083 2010 2029 2071 1873 2039 2100 1949 2176 2042 2129 2092 1829 1925 2137 2152 2199 2131 2075 2278 1974 1938 1934 1807 1992 1934 2289 1834 1945 2087 2246 2000 
1964 2216 2205 1927 2064 2262 2344 2024 2105 2489 2420 2383 2242 2233 2354 2138 2040 2426 2049 2212 2315 2135 2108 2144 2462 2273 2454 2243 2087 2002 2111 2325 2199 2438 2268 2506 2420 2367 2095 2290 2246 2485 2192 2388 2025 2231 2217 2571 2173 2221 2246 2315 2183 2332 2323 2224 2068 2382 2174 2365 2483 2180 2236 2265 1849 2389 2256 2628 2118 2204 2280 2101 1890 2089 2197 2204 2188 2270 2417 2290 2026 2245 2454 2296 2617 2406 2302 2408 2170 2114 1983 1916 2279 2218 2351 2090 2239 2180 2460 2147 
1743 1835 2020 1840 2026 1928 2073 1779 1947 2360 2250 2014 1962 2050 1940 2060 1996 2178 1865 1913 2061 1797 1953 1914 2063 2136 2053 1952 1799 1775 1859 2102 1828 2035 1755 1974 1991 1964 1885 1946 1989 2226 2200 2082 1776 1906 1811 2320 2035 1959 1977 2169 2120 2025 2116 2081 2010 2042 2059 2075 1995 1976 1759 2068 1730 2173 1994 2361 1972 1958 2024 2042 1840 1977 2131 2079 1964 1920 1952 1973 1763 1976 1889 2005 2296 2062 2167 2161 1846 1963 1669 1768 1916 1887 2196 1818 1843 1991 2172 1980 
1738 1856 1920 1565 1758 1844 1793 1870 1899 2055 1927 1961 1928 2074 1899 1761 1815 1802 1756 1819 1936 1603 1968 1831 1895 1936 1815 1815 1810 1600 1887 1970 1796 2002 1637 1964 1829 1745 1729 1787 1920 2011 1906 1933 1732 1725 1717 2298 1887 1887 1794 1981 1950 1676 1803 1985 1807 1775 1987 2067 1822 1871 1667 1763 1508 1825 1714 2065 1740 1811 1937 1832 1743 1717 2002 1952 1963 1837 1684 1895 1636 1703 1922 1905 2112 1917 1991 2186 1934 1881 1722 1811 1877 1870 1918 1775 1713 1843 1910 1848 
2134 2296 2354 2078 2076 2288 2425 2180 2489 2663 2479 2480 2491 2472 2218 2182 2237 2428 2130 2218 2281 2079 2367 2297 2336 2501 2358 2288 2150 2099 2105 2236 2387 2510 2124 2495 2301 2230 2213 2234 2142 2636 2283 2431 2049 2250 2099 2720 2358 2276 2235 2436 2278 2351 2390 2358 2127 2390 2616 2473 2383 2164 2167 2355 1975 2399 2246 2655 2209 2384 2492 2331 1985 2339 2351 2406 2224 2248 2307 2255 2200 2244 2456 2447 2639 2418 2440 2632 2370 2112 2083 2188 2392 2318 2286 1994 2236 2194 2459 2179 
1891 2004 1930 1694 1933 1918 1957 1788 1850 2188 2036 2271 2118 1958 1960 1994 1891 2107 1851 2079 1876 1703 2001 1993 2058 2045 2070 1942 1884 1774 1929 1878 1903 2128 1918 2109 2021 2002 2017 1981 1985 2253 2064 2111 1822 1945 1859 2307 1943 2013 1874 2006 2048 1874 1946 1884 1834 2087 2092 2056 2093 1887 1978 2001 1655 2126 2090 2284 1839 1897 1925 1960 1758 1963 1904 2049 1830 2069 2083 1985 1863 2072 2215 2099 2222 2035 2030 2205 1985 1651 1955 1794 1968 1891 2042 1779 1918 1912 2210 1842 
1922 2094 2049 1871 1806 2039 2139 2045 1996 2257 2168 2109 2094 2166 2181 2140 2012 2016 1965 2172 2188 1826 2118 2009 2184 2097 2151 2012 2013 1900 2179 2184 2079 2363 1949 2012 2335 2121 2033 1995 2045 2357 2014 2267 1812 2051 1828 2522 2021 2169 1969 2149 2113 1957 2119 2140 2017 2151 2051 2235 2327 2123 2030 2007 1859 2046 1924 2276 2079 2013 2125 1967 1864 2077 2197 2268 2033 2040 2053 2125 1838 2117 2047 2044 2411 2374 2030 2293 2178 1985 1759 1859 2080 2108 2139 1743 2138 1957 2214 1920 
2088 2147 2307 1848 2222 2230 1958 2117 2124 2364 2261 2326 2172 2289 2174 2071 1962 2252 2078 2098 2162 1897 2058 2011 2168 2025 2039 2137 2174 1954 1918 2028 2114 2342 2024 2315 2051 2135 2067 2116 2129 2227 2024 2207 2003 2014 1933 2570 2156 2150 2001 2272 2221 2058 2148 2302 2120 2168 2371 2300 2052 2015 2098 2177 1712 2280 2020 2320 2056 2179 2078 2143 1949 2008 2110 2190 2166 2082 2219 2142 1968 1908 2280 2208 2375 2238 2118 2395 2190 2014 2019 1981 2173 1968 2267 2031 2065 2069 2255 2011 
1808 1846 1924 1896 1909 2016 2105 1895 2033 2290 2167 2112 2044 2054 2135 1908 1838 1998 1998 1972 1950 1904 1984 1954 2014 2182 2050 1953 1909 1897 2012 2123 2019 2247 1840 2018 2045 1952 1986 1764 1958 2298 1979 2115 1961 1957 1921 2488 2029 1959 1882 2233 1853 1979 2129 2000 2017 2054 2018 2011 1971 1889 1788 2097 1736 2076 1881 2326 2027 2106 1989 1946 1911 1937 1888 2133 1912 2069 1994 2016 1939 1958 2021 1900 2336 2112 1876 2075 2024 1943 1745 1865 1975 2066 2161 1854 1956 1847 2163 1931 
1737 1869 1924 1685 1892 1855 1933 1723 1981 1992 2099 2139 1963 1969 1843 1882 1746 1955 1907 1867 2077 1710 1844 1757 1884 2084 1916 1944 1786 1849 1872 1883 1908 2037 1797 2159 1829 1957 1930 1882 1861 2137 1904 2143 1681 1836 1868 2222 1848 2049 1793 1876 1881 1966 1925 2090 1791 2020 2047 1935 1885 1806 1927 1951 1528 1758 1856 2118 2006 2021 1938 1784 1605 1826 1936 1949 1913 1860 1889 1878 1756 1935 2145 1956 1989 1915 1982 2154 1993 1913 1606 1742 2082 1904 1853 1632 1940 1717 1995 1715 
1925 2206 2361 1980 2152 2088 2335 1999 2153 2517 2349 2498 2188 2165 2279 2342 2113 2258 2107 2049 2346 2099 2059 1887 2306 2309 2291 2067 2065 1929 2124 2228 2245 2500 2166 2227 2221 2095 2221 2038 2141 2240 1985 2357 1971 2044 2212 2603 2158 2294 2065 2233 2222 2131 2245 2270 2058 2274 2255 2204 2334 2133 2111 2306 1785 2317 2138 2464 2183 2299 2100 2255 1959 2061 2184 2245 2012 2292 2216 2260 2082 2230 2263 2266 2512 2354 2125 2286 2234 2141 2047 1953 2211 2174 2305 1884 2176 2110 2560 2013 
1707 1866 2077 1709 1609 1908 1913 1785 2066 2003 2022 2073 1837 1938 1945 1746 1794 2054 1649 1689 1851 1621 1804 1646 1861 1954 1875 1864 1660 1740 1737 1818 1747 2190 1816 2024 1901 1934 1832 1791 1727 2148 1844 1916 1620 2019 1689 2200 1965 1843 1790 2078 1946 1972 1937 1846 1828 1921 2037 2029 1882 1750 1759 1917 1572 1942 1954 2146 1678 2003 1994 1822 1734 1838 1852 1866 1905 1839 1857 1903 1710 1793 1925 1857 2053 1985 2022 2097 1715 1713 1563 1706 1989 1711 2008 1694 1966 1931 1990 1779 
1942 1936 1932 1823 1951 1951 2041 1762 2125 2213 2261 2300 1890 2119 2017 1943 1962 2115 1685 1953 1999 1957 2062 1849 1969 1948 1958 2074 1977 1842 1933 1912 1999 2291 1899 2043 2079 1758 1863 1830 1818 2075 2142 2095 1703 2082 1869 2461 2012 1996 2103 2196 2065 2017 2014 2047 1986 2129 2174 1926 1990 1955 1977 1939 1516 2296 1961 2317 1773 2019 1984 2068 1901 1821 1980 2079 1843 2170 1989 2031 1836 1838 2279 2077 2180 2091 1999 2163 2000 1770 1859 1837 1994 1847 1987 1676 1931 1964 2271 1929 
2041 2146 2245 1888 2075 2090 2242 2069 2075 2219 2211 2324 2120 2170 2019 2159 2103 2229 1960 1981 2161 1899 1993 2243 2224 2158 2131 2096 2017 1739 1858 2124 2106 2377 2054 2349 2135 2282 2185 2195 2087 2331 2182 2188 1971 2144 1998 2525 2246 2088 2205 2177 2156 1987 2261 2124 1977 2221 2188 2337 2184 1946 2042 1985 1835 2070 1987 2483 2122 2169 2180 2120 1823 2195 2316 2106 1919 2113 2134 2006 2009 1967 2128 2164 2289 2298 2288 2246 2120 2004 1725 2014 2337 2187 2316 1789 2164 2078 2347 2051 
1681 1848 1961 1759 1666 1706 1928 1714 1845 1891 1973 2057 1813 1953 1813 1829 1848 2018 1684 1879 2011 1635 1669 1645 1860 1976 1924 1964 1827 1705 1739 1899 1809 1913 1704 2042 1708 1911 1856 1808 1808 2109 1818 1900 1635 1972 1810 2342 1805 1885 1718 1882 1908 1726 1880 1944 1586 1866 2124 1989 1777 1782 1883 1819 1486 1872 1935 2107 1827 2012 1909 1713 1567 1716 1862 1866 1891 1862 1968 1834 1526 1901 1974 1811 1916 2012 1964 2180 1778 1779 1556 1728 1926 1799 1884 1633 1856 1877 2015 1691 
1684 1914 2034 1685 1884 1892 1943 1766 1890 2116 1890 2124 1976 1827 1941 1772 1749 1881 1689 1996 1774 1723 1884 1792 1808 1981 1853 1783 1675 1666 1796 1779 1944 2128 1855 1969 2031 1770 1898 1879 1887 1995 1839 1997 1697 1839 1723 2371 1945 1841 1868 1895 1926 1877 1817 1977 1767 1940 2046 2019 1956 1778 1765 1825 1524 1998 1879 2090 1842 1894 1929 1924 1629 1871 1911 1923 1870 1840 1893 1835 1788 1911 1929 2057 2101 2026 1943 2015 1926 1749 1630 1785 1736 1817 2104 1642 1882 1764 2021 1651 
1746 1766 1791 1710 1820 1749 1949 1721 1829 2060 1935 1984 1967 1937 1768 1719 1758 1991 1760 2000 1581 1632 1735 1675 1800 1863 1880 1789 1830 1745 1692 1864 1788 1993 1740 1886 1820 1845 1825 1828 1656 2185 1811 2015 1526 1779 1670 2153 1812 1898 1881 1973 1830 1830 1839 1899 1796 2019 1987 1994 1731 1861 1696 1826 1464 1854 1739 2094 1840 1958 1885 1909 1651 1648 1822 1911 1754 1881 1919 1851 1608 1780 1867 1888 2120 1847 1874 2088 2049 1733 1600 1755 1911 1661 1871 1614 1747 1758 1962 1754 
1875 2023 2322 2021 1913 2205 2361 2006 2173 2331 2207 2568 2248 2262 2133 2132 1921 2146 2183 2191 2301 1917 2083 2053 2393 2250 2190 2029 2005 2093 2008 2213 2202 2577 2080 2278 2263 2324 2155 2223 2095 2493 2151 2214 2034 2267 1848 2677 2158 2183 2214 2315 2067 2070 2200 2314 2205 2389 2293 2374 2115 2108 2183 2033 1828 2419 2190 2509 2225 2329 2294 2318 1988 2174 2262 2357 2135 2208 2251 2083 2020 2156 2201 2156 2405 2384 2367 2325 2150 2081 1797 1946 2329 2132 2238 1871 2380 2182 2452 2046 
1656 1951 2068 1738 1869 1881 2019 1763 2018 2155 2072 1959 1958 2049 1855 2023 1640 2076 1837 1858 1957 1700 2047 2050 2115 1986 2025 2004 1881 1767 1849 1890 1906 1876 1847 1996 1962 1941 1767 2007 1759 2315 2016 1872 1660 1743 1838 2148 1857 1929 1802 2069 1960 1915 2038 2028 1763 1957 2205 1941 2041 1708 1901 2062 1835 1854 1930 2165 1829 1973 2058 1878 1589 1833 1927 2031 1901 1990 1890 1968 1785 1831 2049 2038 2183 2080 1952 2285 1951 1714 1715 1879 1754 1875 2021 1697 1908 1873 1904 1886 
1936 2213 2428 1947 2202 2185 2535 2190 2376 2406 2312 2338 2129 2142 2245 2271 2145 2398 1990 2178 2218 2097 2229 2207 2351 2348 2382 2390 1994 2009 2034 2265 2161 2484 2130 2495 2293 2278 2120 2290 2235 2635 2327 2341 1989 2301 2071 2624 2146 2158 2316 2369 2301 2208 2264 2275 1972 2295 2317 2333 2243 2179 2243 2202 2031 2414 2254 2600 2102 2180 2300 2164 1981 2150 2167 2114 2120 2393 2335 2228 2051 2136 2396 2364 2470 2391 2319 2477 2168 2161 1922 1987 2360 2161 2445 2089 2232 2189 2346 2065 
1718 1771 1811 1596 1814 1905 1969 1712 1787 2046 2114 1987 1766 1897 1894 1656 1896 2038 1856 1868 1941 1611 1815 1635 1824 1887 1920 1950 1811 1712 1688 1725 1837 1956 1816 1913 1902 1759 1757 1803 1722 2010 1856 1990 1749 1842 1731 2134 1919 1949 1721 1871 1949 1864 1806 1771 1900 1870 1898 2004 1870 1718 1889 1928 1438 2013 1742 2062 1811 1886 1889 1831 1717 1868 1943 1967 1842 1899 1806 1993 1782 1838 1936 1748 2053 1912 1893 2012 1844 1834 1679 1773 1912 1745 1960 1863 1844 1892 1943 1733 
1834 1826 2155 1717 1870 1938 2120 2007 2262 2235 2044 2221 2165 2252 1956 1914 1956 2091 1761 1933 2193 1891 2101 1925 2014 2079 2117 2110 1866 1859 1984 1851 1855 2202 1813 2081 1959 2005 1895 1953 1999 2190 2144 2100 1822 2113 2018 2287 2036 1934 1937 2023 2056 1922 2052 2060 1671 2051 2297 2037 2069 1875 1999 2099 1655 2004 2098 2320 1930 1993 1928 2257 1822 1976 1972 1935 1885 1995 1938 1793 1906 1901 2073 2020 2135 2147 2112 2381 2025 2059 1878 1909 2157 2021 2090 1768 1922 2007 2179 1838 
1551 1826 1906 1636 1712 1947 1888 1713 1871 2113 2005 1914 1938 1934 1864 1866 1623 2014 1819 1995 1732 1506 1842 1811 1926 1996 1925 1836 1715 1632 1820 1850 1925 2022 1849 1840 1933 2019 1654 1788 1745 2351 1843 2001 1717 1691 1790 2169 1859 1851 1710 1922 1878 1844 1879 1898 1734 1877 2035 1950 1988 1683 1684 1988 1781 1880 1878 2083 1795 1898 2011 1927 1610 1775 1788 1833 1809 1874 1957 2036 1719 1800 1966 1990 2123 1983 1892 2097 2051 1829 1800 1747 1829 1758 1895 1821 2004 1806 2010 1751 
1956 2159 2337 1953 2142 2400 2484 2086 2081 2398 2458 2407 2256 2320 2147 2190 2144 2463 2158 2117 2355 1932 2218 2138 2319 2250 2404 2249 2150 2010 2174 2218 2217 2396 2271 2399 2276 2202 2166 2265 2167 2602 2224 2376 1994 2201 2136 2640 2328 2093 2163 2262 2247 2272 2287 2425 2247 2250 2311 2417 2226 2122 2159 2186 1976 2203 2225 2514 2313 2279 2455 2222 2136 2255 2377 2074 2383 2141 2276 2318 2018 2358 2441 2218 2434 2342 2378 2487 2073 2252 1942 2115 2266 2170 2396 2138 2237 2225 2465 2084 
1743 1782 1697 1661 1470 1683 1855 1644 1651 1923 1853 1887 1702 1953 1703 1561 1698 1916 1663 1594 1798 1508 1795 1703 1857 1750 1817 1711 1782 1478 1682 1782 1687 1985 1619 1767 1608 1664 1695 1609 1660 2059 1723 1803 1402 1889 1622 2036 1776 1719 1675 1777 1768 1710 2004 1788 1613 1861 1892 1726 1712 1618 1781 1742 1320 1827 1718 1945 1598 1779 1890 1766 1682 1845 1617 1766 1617 1873 1764 1707 1701 1794 1878 1661 2005 1849 1826 1824 1655 1601 1695 1605 1743 1816 1846 1545 1605 1740 1884 1827 
2030 2169 2282 1960 2055 2171 2331 2110 2085 2413 2309 2378 2219 2369 2213 2096 2249 2301 2043 2225 2293 1905 2150 2027 2169 2202 2293 2192 2062 1934 2009 2028 2134 2435 2089 2360 2182 2137 2155 2065 2078 2482 2127 2404 1996 2260 2111 2645 2206 2236 2202 2336 2150 2190 2344 2300 2090 2273 2306 2328 2185 2152 2229 2171 1830 2289 2258 2560 2136 2201 2171 2200 2147 2229 2290 2166 2101 2225 2377 2229 1897 2248 2320 2205 2402 2289 2192 2477 2296 2238 1970 1944 2298 2150 2411 1884 2231 1978 2323 2094 
1853 1987 2057 1775 1883 2063 2106 1838 1958 2216 2087 2134 1930 2169 1943 1956 1901 2033 1893 2017 2073 1844 2008 1885 2067 2134 2031 2020 1787 1736 1981 2064 2040 2189 1991 2082 2203 1922 2088 2037 1896 2349 1916 2034 1721 2065 1805 2319 1875 2079 2046 2058 2017 2028 2075 1935 1891 2050 2091 2159 2002 1866 1898 1885 1658 2145 1902 2212 2022 1872 2115 1996 1864 2079 2059 2112 1958 2099 2017 2122 1760 2082 2159 2014 2209 2209 2044 2095 2134 1887 1790 1837 2038 2054 2206 1790 2101 2040 2042 1980 
1666 1693 1933 1577 1864 1744 1864 1675 1654 2096 1933 2067 1859 1809 1879 1782 1672 1785 1814 1769 1877 1610 1859 1747 1852 1700 1813 1700 1673 1676 1869 1643 1726 1880 1728 1868 1838 1859 1676 1837 1707 1978 1787 1805 1558 1820 1631 2095 1631 1780 1647 1944 1650 1718 1892 1979 1812 1802 1948 2093 1772 1877 1747 1712 1473 1958 1881 2042 1867 1931 1686 1820 1742 1689 2054 1832 1856 1746 1903 1676 1419 1864 1816 1840 1927 1893 1857 2029 1762 1795 1643 1681 1767 1717 1930 1538 1763 1711 1974 1667 
1697 1855 1995 1670 1839 2011 1939 1834 1908 2024 1898 2184 1937 1803 1945 1802 1799 1934 1864 1876 1915 1697 1952 1695 1902 1936 1894 1811 1818 1781 1742 1826 1935 2235 2069 2046 2007 1792 1759 1960 1910 2123 1816 1912 1766 1882 1815 2320 1792 1867 1895 2045 1921 1911 1867 1993 2015 1860 2015 1965 1987 1757 1894 1998 1569 1993 1806 2073 1896 2049 1915 1851 1670 1826 1832 1938 1926 2029 1910 2116 1733 1801 1943 1868 2183 2084 1926 2029 1805 1959 1686 1915 1974 1773 2122 1719 1951 1886 2034 1724 
1897 1969 2180 1940 1933 2122 2233 1842 2167 2305 2151 2430 2250 2146 1924 2136 1912 1999 1979 2066 1997 1902 2213 2050 2150 2242 1977 2101 1909 1908 2015 2035 2167 2459 1980 2153 2160 2038 1994 2113 1938 2402 2052 2104 1891 2072 1897 2458 1908 2032 2066 2156 1999 1950 2070 1921 1946 2203 2057 1966 2177 1906 1868 2124 1792 2147 2081 2296 2106 2118 1980 2104 1911 2010 1973 2151 1959 2281 2132 2032 1967 2144 2138 2062 2330 2240 2204 2104 2135 2007 2004 1909 2067 2145 2228 1818 2099 1998 2314 1948 
1961 1967 2252 1931 2106 2228 2336 1913 2113 2419 2199 2336 2269 2170 2234 2001 2004 2206 2037 2157 2036 2121 2213 2117 2131 2074 2074 2222 2105 1862 2074 2160 2266 2326 2023 2233 2261 2158 2182 2118 2040 2303 2128 2284 1886 2125 1865 2711 2119 2020 2074 2321 2208 2160 2248 2107 2073 2385 2141 2310 2226 2134 2150 2115 1731 2336 1969 2430 2076 2151 2158 2109 2001 1964 2129 2065 2083 2165 2132 2334 1926 1903 2314 2192 2450 2395 2202 2272 2116 1942 2041 2009 2046 2116 2364 1907 2127 2096 2318 1986 
1701 1994 1831 1626 1673 1816 1955 1802 1839 2069 1967 2022 1880 2019 1791 1701 1843 2025 1825 1902 2028 1753 1909 1807 2015 1963 1991 1790 1853 1852 1873 1902 1930 2128 1770 1929 1881 1783 1715 1796 1839 2088 1955 1933 1741 1785 1747 2121 1849 1950 1815 2099 1840 1889 1792 2038 1861 1883 2065 1964 1900 1919 1862 1817 1589 2079 1837 2116 1771 1863 2049 1964 1738 1845 1963 1939 1930 1939 1912 1936 1620 1798 2039 1935 2153 1941 2002 2140 1972 1890 1715 1799 1879 1805 1869 1781 1921 1738 2190 1750 
1719 2080 2099 1750 1882 2016 2002 1787 1983 2019 2181 2417 2181 2087 2041 2166 1788 2024 1811 1976 1993 1952 1857 1959 2061 2139 2106 1805 1803 1793 2005 1894 1816 2097 2043 2217 1918 1873 2091 1889 2100 2114 2022 2065 1720 1913 1935 2367 1813 2148 1918 1882 1964 2010 2026 2183 1769 1939 2283 2169 1851 1781 1984 1990 1578 2002 1983 2364 2098 2034 2134 2026 1834 1997 1822 2037 1970 2033 1958 1868 1880 1970 2121 2185 2037 2013 1878 2164 2037 1949 1702 1780 2118 1987 2225 1737 1973 2036 2169 2004 
1672 1925 2174 1918 1876 2024 2059 1854 2206 2194 2103 2231 2114 2146 1850 1868 1872 2098 1807 1938 1953 1686 1889 1867 1971 2157 1851 2022 1939 1803 1865 1980 1907 2352 1942 2072 1999 1989 1944 1923 1912 2214 2082 1990 1805 1939 1826 2344 1957 2073 1915 2092 1911 2009 2004 2009 1908 1931 2170 2078 1959 1766 1856 2136 1594 1942 1941 2260 1899 2070 1945 2049 1798 1995 1936 1987 2025 2035 1963 2041 1667 1938 2073 2077 2179 2173 2168 2221 2081 1988 1714 1947 2031 1799 2144 1826 2022 1885 2042 1857 
2026 2239 2215 2029 2010 2186 2215 2129 2127 2575 2283 2405 2220 2310 2278 2277 2082 2370 1938 2108 2166 2080 2158 2146 2214 2218 2357 2079 2083 2058 2117 2068 1954 2478 2098 2406 2490 2137 2199 2216 2195 2480 2162 2399 1981 2305 2005 2623 2157 2293 2179 2290 2326 2310 2269 2190 1979 2297 2268 2241 2399 2155 2147 2300 1844 2399 2213 2608 2242 2122 2226 2233 1963 2133 2248 2319 1954 2141 2260 2104 2077 2328 2351 2311 2520 2272 2318 2317 2166 1949 1922 1888 2202 2189 2148 1823 2145 2032 2416 2053 
1639 1940 1967 1789 1903 2028 2031 1798 1914 2211 2027 2017 1841 2048 1890 1950 1700 2088 1939 1692 1881 1834 1842 1794 1970 1939 1969 1899 1806 1805 1818 1913 1870 2099 1830 1988 2127 1963 1914 2050 1860 2296 1888 1944 1828 1880 1796 2262 1977 1863 1803 1922 1949 1875 1963 2079 1945 1757 2032 2053 1985 1803 1908 1977 1691 2047 1893 2266 1971 1985 1989 2057 1839 1891 1979 2015 1892 1896 1901 1852 1843 1879 2008 2007 2253 1953 1967 2119 1820 1909 1710 1791 1975 1806 1956 1836 1988 1955 2090 1744 
1994 2080 2224 1946 2016 1985 2212 1832 2068 2289 2222 2342 2131 2263 2140 2053 2015 2278 2028 2155 2445 2013 1966 1970 2296 2092 2275 2116 2101 1794 2103 2226 2079 2280 1970 2215 2013 2028 2166 2097 2005 2250 2130 2257 2005 1993 2285 2381 2125 1973 1925 2123 2088 1897 2178 2086 2017 2168 2388 2256 2286 1915 1996 2147 1805 2179 2053 2338 2166 2178 2066 1998 1997 1981 1981 2050 2142 2153 2212 2120 1931 2121 2238 1919 2185 2178 2211 2371 2100 2075 1990 2000 1999 2082 2279 1990 2197 2194 2311 1991 
1900 2099 2196 1844 1781 1930 2103 1866 2135 2268 2160 2284 2215 2234 1957 2029 2007 2143 1887 2049 2194 1850 1978 2017 2135 2174 2121 1991 2116 1890 2055 1992 1903 2269 1969 2117 2081 2055 1936 1927 1943 2227 2217 2141 1875 1957 1917 2459 2177 2150 2031 2162 2160 2072 2067 2101 1991 2142 2242 2193 2183 1889 1988 2067 1679 1896 2151 2204 1895 2079 2255 2231 1864 1996 2146 2100 2018 1975 2122 2134 1874 1972 2320 2099 2244 2190 2298 2383 2189 2031 1713 1824 2029 1963 2232 1901 2121 2082 2260 1896 
1947 1971 1897 1785 1838 1935 2077 1735 1953 2276 2047 2283 1992 2093 1991 1927 1963 1960 1845 1874 2026 1695 2091 1920 2018 2061 2031 1957 1762 1766 1883 2064 1956 2229 1906 2058 2073 2007 1835 1985 1985 2316 1983 2022 1771 1918 1879 2413 1801 2066 1981 2016 1990 1938 1943 2092 1862 1942 2128 2019 2044 2062 1884 1906 1606 2065 1923 2181 1883 2029 1916 2020 1753 1812 1942 2024 1903 2040 1876 1881 1858 2100 2163 2152 2282 1956 2103 2031 2076 1961 1838 1905 2097 2114 1884 1653 2007 1865 2170 1883 
1733 1852 1980 1791 1867 1903 2075 1763 1924 2202 1928 2117 2012 1990 1976 1780 1773 2055 1880 2085 1855 1702 1839 1699 1904 2088 2049 1855 1844 1827 1887 1990 1843 2204 1765 2010 1996 1853 1889 2030 1849 2211 1958 2073 1744 1933 1734 2355 1854 1968 1753 1917 1818 1929 1815 1971 1767 2017 1899 1902 2049 1921 1903 1914 1554 2052 1900 2213 1994 1908 1997 2013 1738 1722 1892 1978 1955 1817 1846 1832 1797 1986 2134 1960 2097 1992 2051 2005 1855 1881 1762 1826 1994 1810 1979 1826 1856 1867 2129 1782 
1946 1923 2053 1738 2004 2018 2103 1848 2069 2285 2150 2123 2067 2086 1897 2010 1913 2209 1846 1799 2109 1777 2099 1913 2054 2036 2034 2078 1921 1777 2095 1894 2024 2273 1890 1999 2121 2001 1828 2051 1991 2340 2049 2057 1765 2018 1877 2456 1927 1943 1982 2286 2108 1974 2027 2120 2000 2069 2097 2034 1922 1946 1900 1973 1861 2250 2003 2308 2022 2026 1955 1985 1867 1960 1993 2008 2049 2059 2029 1933 1802 2040 2017 2052 2272 2030 2116 2045 2011 1954 1797 1811 1839 2021 2292 1852 1996 2038 2192 2073 
2119 2255 2472 1935 2140 2274 2418 2134 2293 2672 2385 2527 2271 2256 2314 2271 2260 2375 2192 2187 2432 2074 2235 2260 2284 2243 2355 2422 2146 2063 2213 2220 2213 2444 2105 2435 2352 2195 2307 2310 2344 2623 2393 2315 1999 2287 2118 2769 2400 2173 2301 2321 2385 2329 2292 2300 2130 2309 2426 2592 2215 2295 2218 2158 1908 2315 2390 2638 2222 2302 2317 2357 1984 2244 2377 2264 2240 2310 2256 2323 2201 2303 2388 2312 2514 2550 2428 2531 2404 2366 1956 2042 2324 2407 2501 2139 2388 2217 2520 2084 
1810 1911 2000 1796 1965 2067 1985 1751 1943 2186 2002 2114 1973 2029 1951 1859 1675 2100 1909 1839 1891 1869 1979 1882 1957 2007 2105 1964 1842 1836 1846 1853 1927 2157 1853 1993 2003 1843 1845 1960 1899 2275 2053 2023 1739 1937 1796 2237 1845 1935 1891 2057 1941 2050 2009 2056 1883 1885 1948 2068 2002 1966 2013 2004 1604 2088 1904 2244 1896 1967 2056 2014 1911 1900 1976 1985 1936 2042 1886 1965 1758 1958 2067 2002 2308 2057 1995 2057 1887 1883 1771 1742 1938 1821 2041 1806 2027 1785 2041 1802 
1886 2083 2265 1918 1978 2284 2195 1791 1904 2247 2100 2292 2067 2041 2070 1998 1951 2123 1833 1827 2119 1919 1936 1980 2272 2106 2008 2067 1937 1710 1951 1995 2025 2361 2100 2296 2125 1888 2182 2107 2058 2230 2155 2099 1749 1976 2019 2499 2113 1966 2103 2104 2090 2149 2156 2118 1913 2055 2123 2264 2190 1977 2111 2067 1713 1990 2075 2318 1997 2071 2239 1999 1859 2049 2020 2183 1963 2008 2183 2104 1956 2068 2206 2159 2341 2147 2184 2109 2002 2021 1593 1907 2121 2167 2304 1641 2229 1969 2282 1866 
1816 1940 1993 1851 1843 2035 2070 1767 2084 2131 2083 2147 1900 1925 1939 1807 1811 1942 1811 1784 2092 1693 2039 1897 2069 2031 2098 1929 1760 1692 1830 1848 1811 2183 1938 2054 2010 1885 1921 2067 1910 2213 1986 2117 1716 2158 1773 2254 1926 1890 2009 2001 1850 2075 2051 2121 1940 1901 1906 2129 1999 1867 1996 1974 1596 2176 2033 2231 1944 1957 1810 1972 1790 1996 2032 1802 2012 1947 2077 2026 1736 1899 2042 1953 2243 2148 2004 2004 1913 1939 1585 1789 2009 1863 2080 1728 1988 1962 2128 1912 
1835 1877 2142 1762 1822 2062 2168 1933 2058 2113 2136 2291 2024 2221 1847 1800 1915 2076 1746 1988 2051 1827 2005 1965 2031 2056 2001 2100 1932 1799 1888 1944 1991 2226 1951 2040 2053 1972 1967 1993 1756 2232 2014 2178 1893 1933 1866 2339 1984 2091 2035 2110 2064 2094 2045 2006 1855 2114 2110 2047 2074 1858 2007 2083 1727 2010 1850 2188 1918 2033 2043 2048 1834 1978 1796 1950 1883 2071 2029 2135 1939 1947 2135 2033 2236 2078 2074 2260 2066 1929 1735 1929 1930 1913 2029 1765 2110 1964 2010 1736 
1948 2017 2305 1941 2052 2274 2278 1702 2360 2419 2328 2241 2192 2225 2083 1987 2207 2277 2014 1989 2165 1939 2211 1960 2102 2199 2173 2319 1981 1869 2031 1981 2178 2280 2079 2243 2129 2033 2145 2026 2011 2500 2213 2080 1755 2192 2077 2608 2181 2034 2124 2236 2131 2109 2306 2234 2056 2284 2135 2176 2127 2169 2173 2072 1693 2128 2230 2513 2118 2134 2166 2183 2019 2072 2318 2032 2189 2205 2284 2211 1838 2246 2236 2075 2408 2304 2158 2251 2302 2031 1941 1926 2314 2120 2385 1929 2214 1999 2300 2172 
1800 1914 1929 1784 1753 1871 1890 1667 1849 2048 1972 2060 1847 1875 1886 1749 1838 2044 1938 1853 1987 1791 1861 1789 2012 1931 1990 1893 1759 1758 1714 1903 1768 2016 1880 2070 2020 1995 1980 1943 1870 2267 1841 1902 1711 1907 1718 2257 1905 1945 1744 1891 1858 1798 2047 1824 1837 1816 1880 2103 1904 1792 1872 2078 1472 2194 1720 2208 1904 2127 1907 1812 1722 1847 1881 1995 1755 1947 1923 1922 1682 1865 1971 1812 2180 1893 1984 1921 1853 1841 1677 1770 2123 1934 2068 1734 1830 1752 2068 1826 
1997 2280 2347 1887 2081 2242 2294 1987 2182 2542 2296 2371 2205 2229 2089 2113 2031 2360 2105 1987 2291 2184 2231 2081 2206 2329 2170 2077 1981 2090 2180 2188 2232 2352 2036 2387 2249 2215 2216 2191 2229 2562 2211 2310 1926 2069 1983 2573 2220 2177 2026 2266 2276 2184 2217 2254 2070 2153 2375 2372 2212 2044 1956 2151 1844 2229 2144 2439 2303 2166 2368 2389 2150 2199 2260 2273 2153 2148 2320 2207 2030 2057 2417 2271 2449 2314 2308 2337 2130 2287 1994 2087 2267 2303 2406 1978 2241 2052 2537 2013 
1894 2013 2109 2009 2017 1999 2089 1962 2081 2242 2146 2383 2168 2103 2026 1995 1978 2168 1789 2050 2036 1912 1942 2030 2136 2069 2188 2006 2022 1805 2033 1935 1998 2335 1996 2130 2087 1961 2168 1950 2014 2379 1971 2202 1755 1858 2090 2385 2021 2132 1873 2110 2116 1961 2150 1995 2041 2045 2259 2251 2076 1884 2038 2157 1721 2123 2128 2272 2043 2179 2024 2069 2103 1937 1895 2213 1877 2086 2092 1993 1908 2221 2169 2197 2381 2045 2012 2259 2114 1959 1775 1849 2008 2002 2296 1614 2092 2013 2279 1935 