18.615248 
18.224405 
18.035413 
19.508655 
18.715465 
19.546078 
18.761111 
18.396460 
18.114847 
18.537108 
19.206319 
20.580184 
19.033550 
-979.884095 
19.432134 
20.744253 
18.586816 
18.376860 
18.727667 
19.096189 
23.128066 
20.538821 
20.030536 
19.858585 
20.901272 
18.762467 
18.603293 
18.781270 
20.438343 
20.869326 
19.317737 
18.934135 
20.262317 
18.340714 
18.109808 
18.396435 
18.847335 
26.816330 
18.913157 
19.856833 
18.314635 
19.775298 
19.515367 
21.016374 
20.715579 
20.021965 
19.168898 
18.019566 
18.196242 
