20.021817 
19.329387 
20.087125 
19.492157 
19.799779 
19.836872 
17.666572 
24.688418 
16.639297 
17.792548 
21.292612 
17.422959 
21.299055 
18.373705 
21.902770 
21.109446 
19.525802 
21.266183 
18.375003 
18.659265 
19.163835 
24.671841 
17.965864 
18.459187 
22.927787 
24.868177 
20.011058 
21.668252 
18.382366 
18.791322 
19.280990 
25.139649 
22.013820 
21.246346 
20.959727 
21.165741 
18.404360 
19.165055 
22.355157 
20.060433 
21.667112 
21.320133 
21.958197 
18.545873 
18.688955 
19.367174 
19.736693 
18.615174 
19.642990 
