21.391619 
20.193166 
21.377194 
21.123440 
18.696339 
19.768985 
17.633730 
16.732709 
18.453060 
21.288753 
18.707828 
24.433291 
19.233758 
20.713603 
19.455352 
19.222520 
-979.821183 
22.643176 
19.220217 
20.934303 
20.308995 
20.276289 
20.408357 
25.565360 
21.204769 
19.931312 
18.618271 
18.331277 
23.773526 
22.284701 
18.024724 
18.977275 
19.893054 
18.468684 
21.157242 
29.966335 
20.056509 
21.043948 
25.580928 
22.720693 
21.203946 
19.637961 
20.925378 
19.240807 
20.552892 
23.169645 
21.427029 
25.792545 
21.301476 
