37.370739 
-977.895812 
18.470855 
23.652715 
23.666630 
20.362618 
25.440749 
20.471415 
29.265725 
26.920627 
20.391853 
24.268239 
19.176265 
19.971514 
21.073437 
17.861930 
19.860156 
20.679493 
20.163892 
20.075425 
17.550095 
19.436344 
19.861898 
19.549298 
20.156704 
21.458115 
19.730952 
19.663364 
23.425791 
20.788245 
21.910894 
23.069276 
20.886352 
21.773652 
31.093577 
25.098147 
20.281611 
20.551675 
25.141956 
22.378084 
21.292392 
24.850289 
22.826970 
22.243636 
22.695546 
21.057792 
20.557420 
16.690807 
18.926841 
