20.189276 
19.187075 
18.173744 
19.090940 
19.657952 
25.293171 
24.157914 
22.958360 
20.849489 
21.235599 
20.606602 
20.180734 
16.715572 
19.609125 
21.722195 
24.079851 
26.105597 
21.465110 
17.389346 
18.234804 
-977.959061 
21.060638 
21.443201 
22.667797 
21.189348 
25.415992 
21.995731 
19.301786 
19.612225 
21.096915 
19.033041 
16.864622 
19.265890 
18.485167 
21.568951 
18.410141 
18.214591 
20.160847 
19.963460 
19.867842 
24.355227 
18.136100 
24.473584 
19.446472 
19.324495 
18.815969 
20.315229 
23.957359 
21.788950 
