19.146962 
19.788209 
29.693444 
20.677055 
20.311289 
-962.398199 
19.420285 
19.648726 
19.136326 
19.137887 
19.830850 
19.580367 
19.627821 
20.127183 
19.340068 
23.252725 
20.593120 
22.739166 
22.656603 
24.489949 
19.747363 
17.796422 
19.273750 
20.192550 
26.318377 
27.647196 
21.009158 
23.233801 
20.511707 
17.635317 
18.446556 
18.447790 
18.227054 
20.746508 
19.967218 
21.591292 
24.753665 
20.083194 
22.144530 
20.989723 
24.176345 
20.139968 
20.246267 
21.341171 
19.122435 
18.113598 
21.010167 
19.845958 
20.303418 
