21.789366 
24.658690 
19.790919 
22.688270 
20.133376 
18.779507 
19.226995 
21.450192 
24.093944 
16.972692 
19.145083 
19.632671 
19.195210 
21.620194 
20.143426 
19.807847 
19.654443 
20.896400 
17.300928 
20.371600 
19.403847 
22.908755 
19.176368 
19.092525 
23.346128 
17.976127 
19.598565 
20.745154 
21.304185 
24.013445 
21.654117 
21.589256 
20.949068 
20.914313 
17.372688 
18.569433 
19.667607 
20.378128 
20.504503 
24.096483 
21.593043 
22.987755 
23.006221 
19.098909 
19.360429 
16.037251 
18.787998 
19.930719 
19.010356 
