19.840025 
19.430037 
24.704667 
25.853336 
27.384680 
14.081025 
17.747184 
21.614855 
26.058147 
-979.995350 
18.944220 
19.548621 
21.045916 
20.621257 
21.324704 
22.335337 
26.291877 
21.054022 
22.084690 
23.191729 
20.101040 
24.611052 
22.041554 
18.833296 
19.273095 
21.451789 
18.833952 
18.337109 
25.105188 
18.073506 
18.624320 
18.394795 
19.972804 
19.902515 
24.258619 
28.230508 
23.984486 
19.421708 
21.768200 
25.928902 
19.729536 
22.707921 
20.932958 
20.403543 
25.885123 
20.114749 
23.154239 
36.963860 
22.603905 
