21.172943 
22.372737 
19.135995 
17.145967 
21.887377 
20.325147 
18.741082 
27.016135 
18.736494 
17.506580 
20.171526 
21.166148 
22.035018 
20.751523 
23.419957 
23.926095 
25.320807 
24.167276 
21.937727 
21.311171 
19.782530 
23.566049 
19.623198 
16.968245 
20.604957 
18.407762 
19.016433 
19.427863 
-980.370070 
22.456239 
21.299769 
20.574059 
31.681991 
18.740013 
20.440598 
20.557582 
19.580699 
20.584418 
20.930239 
20.485158 
21.453395 
21.676416 
19.328680 
16.543112 
19.418596 
22.403999 
18.821795 
22.216057 
17.258620 
