18.115671 
21.865124 
20.267485 
19.209635 
21.171563 
24.520006 
21.720785 
21.264558 
19.064648 
17.771795 
18.537123 
19.447070 
22.975677 
-982.913175 
20.815897 
27.961789 
31.354366 
24.260842 
20.583597 
21.276358 
19.821955 
19.953578 
21.635853 
22.845398 
22.021391 
19.131891 
23.412443 
18.727616 
19.323672 
19.738802 
21.336740 
21.504908 
19.747516 
17.349460 
18.406175 
18.968153 
20.715863 
19.427362 
24.863809 
17.966181 
19.719707 
20.244787 
19.239038 
20.532535 
17.194129 
22.536234 
16.464943 
17.627264 
-980.146543 
