20.697484 
19.018695 
21.068667 
18.995753 
34.021940 
31.162991 
20.412505 
20.530436 
21.774517 
22.970001 
23.477498 
21.027837 
19.872806 
19.329669 
17.193733 
20.936192 
18.355940 
18.980265 
17.916240 
20.026391 
20.022780 
20.361239 
22.505420 
22.352434 
15.199489 
17.052138 
20.594044 
20.229717 
20.187365 
19.978320 
21.295176 
20.236662 
-982.083208 
23.088660 
18.730703 
19.414004 
18.938832 
19.062793 
29.585690 
20.693144 
21.389002 
22.065524 
29.813140 
21.147547 
20.285511 
22.384694 
21.604739 
17.898506 
17.691962 
