19.746426 
19.744328 
20.612084 
23.522542 
17.527655 
18.667604 
14.036621 
18.096324 
19.408408 
20.625974 
19.886743 
17.184625 
17.474807 
14.610135 
18.869516 
21.145735 
22.045408 
16.443609 
12.860765 
17.653426 
19.688895 
19.124993 
17.500670 
11.324400 
18.252999 
24.049813 
19.340839 
20.953060 
21.096741 
27.494283 
23.921754 
22.669756 
21.198918 
21.700030 
20.210400 
22.861895 
25.270399 
21.008884 
20.967945 
17.251633 
19.375242 
12.706445 
18.968732 
20.189393 
22.819993 
19.964603 
19.801044 
17.048365 
13.345337 
