19.787499 
19.631679 
20.017913 
23.952225 
16.718353 
18.773046 
19.488177 
17.063384 
23.584501 
22.648388 
18.597392 
19.551721 
18.710163 
19.908093 
21.817279 
17.889662 
19.621645 
21.553342 
26.545227 
19.843096 
20.719595 
21.266082 
24.307110 
36.079189 
19.684994 
21.491575 
20.970087 
21.166929 
21.124331 
27.348947 
21.254786 
22.630453 
21.184904 
27.744786 
21.389200 
21.183093 
19.278888 
20.639420 
17.505025 
18.118693 
21.758955 
19.908516 
18.009689 
19.438759 
19.696985 
21.589090 
20.982786 
23.909652 
20.927332 
