21.339908 
-971.481843 
20.047372 
21.027789 
20.382757 
21.590834 
22.064051 
23.426040 
18.054313 
21.268125 
21.002146 
20.926017 
22.311161 
25.072672 
29.969206 
22.081362 
22.522837 
22.017506 
26.261367 
25.958238 
20.539177 
22.689339 
19.682320 
18.652260 
19.823082 
20.438991 
18.551911 
20.543116 
19.215016 
22.447536 
18.150666 
20.725476 
21.745318 
20.820879 
24.271966 
-975.185217 
23.518180 
23.532624 
20.831726 
21.941056 
26.212242 
25.512904 
19.789641 
35.474078 
19.211631 
19.990173 
19.770728 
20.762658 
22.778736 
