20.696576 
22.826092 
20.927775 
18.563977 
19.894221 
24.081788 
18.668083 
20.901603 
19.792298 
17.215497 
17.928263 
18.645335 
19.536188 
21.425169 
22.104327 
23.601626 
23.566185 
20.154021 
19.103202 
17.450221 
-976.783705 
17.444185 
18.983524 
19.645411 
17.976404 
20.137796 
26.564446 
21.100011 
20.519982 
28.472862 
25.424203 
19.903647 
20.886650 
20.676804 
21.576401 
24.478604 
20.543849 
21.002453 
22.971468 
22.454205 
22.324666 
22.242793 
21.918389 
20.284321 
24.631919 
22.468811 
20.789206 
21.244131 
22.448314 
