17.900855 
21.459743 
18.026364 
20.256362 
22.252652 
-977.023415 
20.073304 
25.194915 
41.567458 
15.475613 
20.730945 
20.038173 
28.588448 
20.789885 
23.282474 
20.758858 
20.603828 
20.341393 
18.479098 
19.933218 
22.436197 
20.069157 
20.303440 
19.365049 
18.703491 
19.783351 
19.241315 
20.952594 
20.947414 
24.912797 
26.141956 
19.882844 
24.722278 
23.044499 
21.429495 
20.743083 
22.847949 
19.810815 
17.916688 
23.310641 
21.596384 
17.984380 
30.113849 
20.676573 
22.341242 
21.865532 
21.915800 
21.220757 
20.207871 
