24.130345 
18.437908 
18.563243 
21.110606 
17.705475 
21.558990 
19.977950 
21.055270 
17.874206 
18.367234 
20.873865 
21.726297 
21.300831 
20.416133 
27.710806 
21.292827 
23.218354 
22.658937 
21.534883 
20.621288 
19.304642 
25.609218 
19.033964 
18.851580 
18.988457 
17.461459 
18.545660 
22.099753 
25.908451 
24.491614 
31.083053 
33.589381 
20.551522 
20.171335 
22.088367 
20.664586 
41.250390 
44.117400 
41.808452 
17.129665 
43.185784 
43.713527 
29.393369 
39.668750 
46.779799 
-948.093531 
51.310700 
44.924290 
39.841868 
