42.223728 
23.228944 
30.300114 
27.653892 
32.945646 
23.141077 
20.197002 
17.924548 
26.717625 
28.680402 
32.376317 
21.201145 
21.757146 
28.080837 
19.754550 
17.907216 
19.720619 
19.590985 
19.828382 
22.959491 
23.037706 
29.062306 
-980.783450 
19.778467 
22.277966 
24.467750 
21.004838 
24.276799 
18.778002 
35.567280 
22.852749 
29.440945 
21.876277 
19.161369 
22.651626 
27.483928 
20.116887 
26.660468 
21.656626 
20.476089 
21.615221 
20.119524 
17.305027 
17.784228 
24.189575 
18.205909 
20.172480 
18.295636 
18.744725 
