25.103204 
17.850143 
20.665173 
18.359874 
23.710255 
21.532501 
23.764492 
22.430481 
18.925806 
24.744598 
23.200963 
21.939525 
21.933778 
18.902792 
24.423305 
23.634419 
22.778594 
30.020867 
19.566793 
21.754633 
19.859118 
20.209082 
20.651255 
21.646464 
20.765270 
21.434750 
17.694171 
19.063433 
24.103636 
18.596543 
19.647156 
21.533791 
20.062168 
21.065416 
19.926034 
19.432734 
17.926131 
21.590883 
-981.950886 
18.486394 
18.542146 
19.921029 
19.505506 
18.495080 
24.146594 
20.341424 
18.800114 
20.868509 
24.047132 
