17.862152 
27.106151 
21.439333 
24.131430 
22.789031 
23.282753 
21.859264 
22.109262 
20.394847 
21.356618 
24.794718 
21.897539 
20.686339 
18.994647 
19.316972 
20.939671 
20.100476 
18.156022 
17.563262 
21.050825 
19.294155 
20.793923 
21.499037 
21.210026 
23.964286 
20.870220 
23.629723 
29.141999 
20.633198 
23.974861 
21.291235 
21.358027 
22.599632 
20.281515 
21.986544 
21.667998 
22.595739 
33.223210 
21.434487 
20.870048 
22.918597 
31.185915 
30.868660 
20.120769 
18.705751 
17.166850 
23.737284 
18.818593 
18.463558 
