20.501376 
21.244462 
20.315467 
23.592786 
23.766573 
20.593650 
21.169555 
22.547381 
23.041976 
21.279720 
18.676062 
21.788602 
21.189891 
20.344579 
19.586575 
17.167915 
24.938864 
22.948269 
19.181538 
21.601047 
21.462896 
28.041228 
23.318103 
22.141285 
20.933493 
22.273398 
24.101856 
21.771234 
27.641114 
20.125410 
23.143497 
21.870663 
25.224264 
22.983593 
25.876364 
20.374103 
20.433592 
27.057401 
22.143641 
-973.467384 
21.597764 
22.217322 
19.786622 
21.899834 
19.505148 
21.404734 
24.474648 
18.556281 
17.766838 
