19.850916 
34.121138 
16.581553 
20.983152 
19.752782 
32.575136 
21.031049 
23.467235 
29.844255 
29.989247 
20.216597 
21.782262 
25.584072 
21.219047 
17.531121 
19.455392 
22.818989 
21.698143 
20.339205 
22.581017 
22.473647 
-977.598982 
22.315126 
21.394559 
20.300718 
19.934335 
22.553246 
20.112438 
17.624911 
19.845382 
20.769991 
17.060164 
16.941391 
24.216509 
15.435140 
16.984027 
19.882952 
35.164218 
21.431276 
19.025410 
21.062503 
24.249807 
21.666842 
27.829868 
23.787135 
20.116108 
25.134858 
20.587785 
24.201499 
