18.850074 
19.563952 
22.067504 
20.739888 
18.618640 
20.341347 
22.441466 
30.621426 
23.059690 
20.461838 
20.493449 
19.087037 
22.283937 
13.359469 
18.516570 
19.796536 
19.594184 
20.884953 
20.776200 
19.207617 
22.951564 
23.565632 
21.517454 
19.056787 
21.302043 
20.601321 
21.212631 
20.019962 
17.922287 
17.537408 
17.461088 
20.375865 
21.780980 
18.037196 
17.654472 
21.495461 
18.549845 
14.560277 
19.215002 
21.843830 
21.039089 
18.676689 
24.909231 
19.567025 
17.414602 
18.293700 
14.629051 
19.639093 
21.771543 
