22.292019 
33.046085 
18.903101 
20.457458 
21.126154 
-977.141143 
25.567821 
20.591641 
21.370967 
21.486153 
25.987700 
22.045953 
32.808561 
20.292592 
24.507524 
20.466722 
24.423677 
21.343518 
34.028788 
29.977792 
17.845391 
33.272535 
20.751080 
27.396414 
36.893745 
24.782344 
21.617736 
22.477111 
20.409216 
22.432600 
27.757811 
20.480963 
22.801119 
21.307414 
22.348132 
14.764611 
20.378258 
20.188175 
24.242546 
21.974949 
20.301504 
20.135643 
19.017454 
20.966099 
20.426087 
20.677047 
20.125147 
29.305335 
20.124015 
