32.515508 
19.022720 
20.997161 
22.250049 
20.805083 
18.171514 
20.392786 
21.805553 
21.217552 
21.480616 
25.968876 
22.305176 
19.495553 
23.063887 
26.353441 
21.320399 
21.056770 
31.651998 
20.571261 
-978.065607 
25.641759 
21.724331 
22.767981 
20.341708 
36.806264 
18.749822 
20.111553 
22.729043 
33.923362 
20.829325 
21.562253 
20.712941 
22.808343 
16.654800 
19.991350 
32.648699 
20.919661 
26.407780 
25.405711 
21.608188 
21.519761 
22.533768 
20.380672 
21.725391 
24.204275 
25.694288 
23.153004 
21.545269 
22.961661 
