22.536088 
21.068655 
-977.381889 
31.147343 
22.063361 
22.097822 
20.831222 
22.563758 
24.511409 
22.802691 
23.049613 
20.540566 
21.895126 
23.754944 
18.651601 
17.994663 
31.096639 
21.764847 
26.776150 
22.337736 
33.187969 
23.671914 
21.543914 
21.682305 
17.652887 
21.865364 
21.818191 
22.128526 
27.131805 
20.035843 
25.724048 
21.649104 
25.580834 
21.481157 
-977.537084 
28.099433 
20.231999 
22.744026 
24.612014 
22.280353 
23.105482 
22.609931 
20.758202 
31.460391 
21.575063 
20.634706 
20.708887 
30.731385 
23.348716 
