20.308622 
21.943646 
22.588952 
41.946415 
20.352643 
23.618159 
20.188118 
21.068011 
22.700194 
21.517706 
22.986761 
23.981953 
23.521089 
23.920800 
21.281381 
21.456096 
25.890683 
26.630201 
22.447053 
20.584048 
21.443772 
23.648590 
20.816515 
24.185651 
22.350767 
21.580774 
23.609016 
21.587966 
20.988735 
24.627709 
21.119134 
21.603499 
19.660115 
30.895222 
22.214736 
21.703524 
19.929249 
22.653426 
23.973785 
21.783478 
21.215119 
23.366177 
24.609668 
19.690040 
20.876513 
17.731007 
24.916330 
17.612691 
24.699837 
