22.528087 
15.544634 
-978.457577 
17.765377 
19.747226 
25.070998 
18.057896 
20.187987 
22.893444 
20.722310 
22.156613 
21.773656 
20.692827 
30.969063 
22.725251 
20.845961 
34.624009 
21.557569 
20.646890 
34.058308 
30.892482 
20.625270 
20.051216 
21.372220 
22.954884 
21.121032 
29.102806 
20.097440 
18.901383 
20.283004 
21.721977 
21.659892 
16.317685 
-979.499647 
24.412498 
20.069317 
20.317569 
27.597363 
18.615265 
19.171163 
21.602020 
22.649782 
19.924076 
19.293337 
20.791579 
20.572344 
23.873227 
27.825376 
23.767434 
