20.777706 
26.970256 
22.053724 
17.828042 
29.006048 
21.259415 
21.764027 
22.300647 
22.843013 
32.481053 
23.656478 
20.694739 
19.964106 
22.332481 
22.929334 
23.068537 
-975.376159 
23.719908 
26.231772 
21.317306 
30.331591 
18.944644 
20.595531 
31.208489 
19.032081 
19.234672 
22.431541 
31.686517 
47.862526 
29.594715 
25.719077 
23.722736 
21.702241 
18.822410 
33.224950 
26.301347 
23.030402 
26.765673 
16.678656 
21.379782 
26.979693 
18.774363 
17.346598 
17.750219 
20.527681 
23.553454 
-979.945438 
21.538654 
20.661631 
