20.633965 
22.816542 
21.526455 
20.163908 
22.306568 
19.964672 
21.751160 
22.390943 
21.082702 
28.783890 
20.688736 
24.546631 
22.495958 
25.246631 
32.821538 
18.556724 
20.223935 
22.670587 
22.277291 
21.574400 
24.972450 
20.264284 
21.633315 
25.154657 
20.306931 
26.733108 
31.518506 
22.661011 
20.987421 
-981.371746 
22.213440 
20.649852 
17.391264 
22.437571 
20.123267 
21.540995 
26.498846 
19.931548 
19.439598 
18.370664 
22.151569 
17.310936 
19.013115 
18.225876 
24.651595 
32.338179 
28.317602 
21.104212 
23.195732 
