22.810194 
20.983421 
20.569973 
22.847105 
20.747668 
23.886098 
21.889162 
23.147084 
18.817840 
17.858743 
20.631829 
19.994811 
28.734314 
-970.063987 
21.697729 
23.158307 
22.156749 
28.726294 
21.340088 
20.958426 
26.272757 
20.349414 
22.692018 
22.030453 
22.050699 
21.036787 
21.894054 
22.422542 
21.747725 
25.255679 
20.448274 
28.315384 
25.379113 
21.144890 
36.052858 
20.845016 
22.664182 
21.690173 
22.361738 
30.393231 
18.559974 
18.359737 
22.206358 
21.287553 
20.578623 
-976.461449 
20.832213 
20.726655 
20.469575 
