20.893525 
20.697119 
21.445608 
21.107450 
28.968728 
22.334092 
25.164112 
22.900970 
32.842894 
24.628563 
48.962216 
18.259989 
20.259543 
23.109154 
22.882440 
22.716971 
21.078809 
23.334385 
20.587007 
21.790410 
23.921231 
21.825958 
21.667059 
-976.748312 
21.894184 
21.734993 
21.355634 
21.959602 
22.533534 
21.392672 
22.572071 
22.344571 
23.741819 
21.153457 
25.147136 
21.319445 
21.358043 
20.410216 
21.600239 
22.767158 
21.904276 
23.889173 
21.386395 
21.850067 
27.361580 
22.192407 
22.393041 
24.443777 
23.178463 
