21.514997 
38.646539 
22.921573 
22.295551 
23.368762 
21.562287 
-975.596048 
24.275612 
23.182331 
24.306155 
23.540489 
23.518618 
23.992636 
24.034714 
23.384010 
22.855616 
21.232189 
22.155204 
23.080808 
24.056235 
22.267843 
25.333449 
24.419191 
23.502168 
24.700603 
21.947414 
28.197694 
23.298505 
21.081496 
20.837374 
31.594551 
22.144089 
20.379823 
23.297918 
20.846539 
21.353944 
-977.038327 
21.823812 
21.237268 
22.245662 
22.157685 
22.699209 
21.520050 
21.535117 
21.293317 
21.351837 
22.907480 
20.966831 
20.867154 
