22.608971 
21.906914 
21.619323 
18.195154 
19.530846 
20.380557 
20.031352 
22.032640 
20.614211 
19.925627 
19.531848 
-976.760840 
21.272681 
20.922356 
19.191236 
20.290941 
19.010203 
19.487474 
20.676652 
18.153584 
15.801557 
19.757769 
20.750095 
22.409744 
17.283634 
17.451327 
20.279412 
18.394235 
16.340732 
18.458649 
19.902103 
19.053776 
21.828597 
18.550948 
21.256655 
17.857589 
19.490416 
19.339832 
18.198169 
16.715397 
23.378845 
20.226599 
19.437255 
26.902962 
23.614391 
20.914815 
20.211806 
24.392825 
18.126629 
