22.526233 
22.362634 
21.943437 
21.929638 
24.069903 
21.566385 
21.745181 
22.665527 
21.487324 
21.794245 
22.820282 
21.155765 
20.853597 
22.012790 
34.054572 
20.187266 
21.872976 
21.689005 
20.284574 
21.307749 
20.815250 
21.878182 
21.622179 
21.587300 
23.342476 
21.026418 
27.202482 
23.547343 
33.342357 
26.375681 
22.162916 
22.019056 
22.252969 
21.117013 
24.695644 
22.860883 
22.750300 
23.259274 
22.201224 
23.615324 
23.658925 
17.831793 
25.329037 
20.495822 
23.642324 
29.972748 
29.236369 
17.898576 
25.102845 
