18.522312 
-976.355956 
19.434081 
23.375287 
24.350338 
21.751299 
22.570495 
20.742597 
23.972586 
18.797745 
19.888185 
23.886221 
21.963907 
24.982768 
26.754289 
25.411972 
22.583023 
22.270024 
22.886416 
24.010882 
25.855567 
22.144788 
22.853866 
26.788772 
24.071753 
21.229811 
21.238280 
26.518066 
24.342068 
26.643477 
22.971163 
25.004588 
-978.338581 
21.928751 
21.287680 
21.563201 
23.566067 
27.085282 
21.498819 
21.066238 
23.501228 
24.751334 
27.938120 
21.528275 
22.043609 
24.166637 
24.333346 
28.811417 
19.001715 
