27.556437 
19.991371 
24.659044 
21.525335 
21.249341 
20.735909 
28.790704 
22.190609 
25.481987 
25.662873 
24.589411 
23.594523 
24.126366 
25.377550 
-976.188102 
23.828925 
22.216944 
24.542565 
19.516798 
25.067202 
22.212517 
19.410476 
21.732433 
25.471449 
16.870916 
24.357666 
17.911032 
21.614404 
21.510449 
20.979137 
22.198219 
23.528639 
21.851670 
19.891950 
22.996987 
21.725304 
21.902624 
22.704984 
21.600950 
22.732902 
20.494110 
26.509676 
41.128910 
21.935242 
21.245669 
21.119051 
-976.075973 
23.540687 
21.880902 
