23.953908 
22.624245 
22.809458 
22.691372 
21.674039 
22.397794 
22.475337 
23.326050 
26.443134 
23.970929 
22.673518 
21.410930 
21.857690 
22.976581 
22.426392 
26.299831 
21.578617 
23.126768 
22.224102 
21.819738 
21.883708 
24.971419 
22.423314 
22.283309 
25.871858 
22.030382 
26.416641 
22.372075 
23.442896 
-971.922243 
18.676922 
26.294579 
25.566058 
24.870887 
21.099391 
21.297472 
30.943093 
17.693856 
19.814798 
23.046594 
22.829267 
20.464007 
24.357254 
18.836512 
26.524140 
20.206860 
21.919027 
20.507231 
23.548157 
