21.462815 
26.129349 
23.414973 
22.699837 
21.574646 
23.754619 
31.507572 
24.117392 
29.110372 
34.333184 
21.428701 
22.747406 
20.845455 
23.020505 
24.592681 
21.407153 
21.826523 
24.884497 
22.502467 
23.174034 
23.134268 
23.672457 
22.555421 
22.099342 
23.135380 
21.983358 
22.133955 
23.782083 
21.947859 
26.943316 
21.463267 
24.535235 
21.143118 
25.305927 
22.020859 
23.461832 
21.653964 
24.000479 
21.955356 
21.876881 
32.022974 
20.868215 
20.093687 
-979.094315 
22.542004 
20.439339 
21.521226 
25.161281 
22.663091 
