21.974486 
21.440208 
21.935899 
22.095702 
24.100274 
21.965687 
22.456694 
24.331989 
22.839741 
22.054650 
24.193249 
23.574867 
22.305227 
23.893798 
24.087130 
23.120535 
22.072581 
24.540066 
22.885717 
22.752945 
26.015390 
22.649687 
22.581391 
18.610587 
23.845568 
-975.333370 
23.864784 
20.960042 
23.567885 
29.110973 
16.401680 
22.417458 
22.843154 
21.609061 
22.808349 
23.205520 
24.373732 
23.626217 
24.485710 
29.786089 
22.094121 
24.243861 
21.704359 
23.815862 
21.497051 
21.485915 
27.605134 
23.712744 
24.616482 
