22.346200 
22.788529 
21.256458 
26.531624 
28.120979 
-979.128539 
23.831711 
25.446127 
25.688394 
23.831547 
23.522679 
26.069255 
23.831081 
24.046520 
27.186110 
18.837207 
22.225873 
21.654623 
22.986196 
22.279769 
26.468067 
26.351750 
19.955788 
19.125696 
22.414314 
21.444846 
22.221044 
23.567694 
24.505322 
25.255428 
22.305062 
21.990526 
22.969893 
26.935656 
22.686017 
18.612485 
37.416022 
-974.770212 
23.247399 
28.981414 
28.923049 
22.624037 
23.405025 
28.974223 
21.135517 
23.241988 
23.592878 
21.867471 
22.631287 
