23.572848 
22.049011 
22.449024 
23.099368 
29.511426 
21.781385 
25.286936 
23.541331 
22.709285 
22.121008 
21.952189 
20.934171 
24.322706 
21.974052 
23.400031 
23.002079 
19.938950 
20.909523 
-976.606474 
20.262756 
22.334251 
21.305218 
23.601981 
23.014549 
22.216682 
24.399726 
22.425695 
23.814495 
23.106042 
21.697749 
22.434803 
26.287844 
23.193068 
22.423143 
22.602858 
25.684246 
20.831900 
21.403820 
22.086800 
24.701657 
21.186136 
25.342989 
26.858443 
21.638816 
20.851571 
20.649957 
20.923952 
26.806471 
30.056667 
