22.555586 
-961.178803 
23.113734 
24.261295 
22.704263 
24.393219 
20.434337 
21.951722 
23.118811 
21.604332 
22.396248 
23.917154 
21.401215 
17.903556 
21.724176 
25.825210 
18.742284 
20.200657 
25.666199 
25.766316 
26.707211 
25.522761 
22.177887 
22.920174 
23.278376 
22.464841 
28.598357 
23.201509 
24.751308 
25.033025 
21.242192 
18.590601 
28.234244 
-964.876441 
22.182992 
39.595120 
26.266953 
23.528496 
24.209196 
24.423926 
24.351223 
23.833015 
22.431898 
24.432596 
20.152194 
29.990104 
23.798729 
22.933646 
22.157505 
