26.380341 
22.087445 
30.563729 
22.811922 
23.645818 
22.996191 
22.666771 
29.645399 
22.821476 
20.948201 
41.146162 
39.217090 
33.085970 
48.514716 
22.940719 
24.070638 
22.470025 
23.683946 
23.931768 
22.155455 
25.030307 
24.116822 
25.424596 
24.925930 
38.754508 
28.851364 
25.252281 
23.608775 
23.651246 
23.596448 
22.801611 
21.904884 
23.654215 
22.215332 
21.961424 
22.506662 
20.872669 
21.453635 
21.991809 
22.235761 
29.296131 
-978.467040 
33.955125 
26.896892 
24.755332 
22.627118 
24.177289 
23.594170 
24.625507 
