22.244853 
22.115643 
15.769369 
18.647568 
21.042535 
19.827154 
16.747015 
20.700678 
19.026317 
17.512098 
18.177692 
20.031321 
18.826508 
19.465385 
17.186809 
19.846691 
21.130590 
21.644083 
18.455513 
17.271146 
19.561258 
23.220595 
23.021261 
19.344633 
22.980239 
15.786253 
19.828157 
20.917302 
21.151671 
19.320115 
20.012618 
21.767101 
19.863802 
-975.533498 
22.634735 
22.291667 
22.103048 
21.449859 
20.408581 
18.821525 
20.033556 
20.644115 
16.307324 
20.065846 
19.163219 
21.333031 
21.682364 
18.784611 
17.939087 
