23.019990 
21.865864 
25.785732 
21.510626 
21.865144 
20.540826 
23.241013 
21.843492 
21.405316 
20.576873 
23.791356 
23.023116 
22.512934 
28.994168 
23.680658 
23.758377 
21.911412 
23.361046 
21.877406 
24.331251 
15.901549 
-979.228082 
46.718278 
28.357139 
36.331300 
21.330931 
23.074736 
22.840897 
23.155694 
23.994057 
24.421032 
24.107672 
23.038825 
23.776568 
25.070933 
21.391048 
22.347837 
22.028218 
22.606787 
23.203529 
27.796852 
28.537905 
23.631207 
23.237558 
21.945379 
21.279189 
21.037506 
22.308763 
23.721465 
