22.549499 
27.562702 
-977.358507 
23.157105 
21.376509 
23.519537 
24.301904 
22.731678 
21.148129 
27.682393 
26.751946 
24.438893 
23.724734 
22.605657 
20.882635 
22.010183 
21.615243 
23.070533 
21.290679 
23.003072 
22.529553 
22.107905 
21.379401 
23.552146 
23.518745 
22.526941 
23.161670 
23.110138 
25.023583 
24.337006 
24.399755 
25.783095 
31.569292 
-976.827460 
22.855204 
39.269377 
24.812549 
22.129520 
24.764463 
24.749896 
21.981871 
20.732467 
23.133066 
26.621569 
23.544434 
22.442971 
21.647124 
20.805963 
21.486570 
