21.462200 
20.762672 
20.447294 
22.315056 
21.368071 
22.685142 
20.792470 
21.865873 
22.132163 
28.879876 
25.442520 
25.539828 
26.837352 
26.858392 
24.388507 
-969.315199 
27.932706 
30.786818 
39.459791 
23.644236 
28.757513 
25.460970 
26.296531 
23.994856 
21.819791 
26.731730 
22.889134 
22.936017 
27.413346 
25.623029 
24.142243 
22.166218 
23.763317 
22.937642 
21.808333 
19.522534 
22.041050 
22.605095 
25.961954 
23.422587 
22.095624 
21.913421 
27.919250 
23.942003 
24.017327 
-977.173026 
21.906395 
21.300387 
21.630460 
