24.027235 
41.575446 
26.949695 
25.244747 
26.152059 
23.588433 
25.179302 
21.439439 
20.582384 
30.714429 
23.403649 
24.055543 
22.934764 
21.892541 
25.068500 
26.041063 
33.314533 
20.739514 
26.735200 
21.491854 
25.165317 
25.618263 
19.073531 
25.232843 
19.680385 
20.903953 
-978.074524 
22.846372 
25.706148 
23.507712 
22.192785 
21.999729 
21.474521 
21.525506 
21.776699 
22.192355 
20.632096 
21.468535 
23.540326 
23.055703 
21.974300 
21.470444 
23.598189 
22.443124 
22.994549 
21.538416 
22.772640 
19.191504 
23.728491 
