27.350591 
21.796341 
23.102175 
35.084150 
18.944415 
24.832289 
27.256612 
22.008332 
22.712912 
-976.671593 
22.019580 
26.764984 
30.536687 
25.673462 
22.058546 
38.517166 
34.372011 
21.023604 
21.681857 
23.400118 
21.279139 
21.618604 
22.206926 
21.657189 
21.706484 
21.851142 
22.007863 
22.393987 
21.898577 
21.750439 
22.221379 
22.623130 
21.471719 
22.988206 
24.960624 
24.999497 
29.692560 
26.790488 
19.935514 
23.727392 
27.917704 
23.934685 
22.693504 
23.762477 
23.196958 
19.580132 
32.593707 
24.850927 
22.292242 
