48.668013 
28.755896 
25.017559 
30.411361 
24.325536 
23.627445 
23.957838 
25.547065 
24.717218 
20.836078 
22.331292 
41.476125 
24.771666 
19.589417 
24.244315 
36.299353 
31.699630 
28.555793 
38.392688 
22.807599 
24.764932 
27.118685 
26.015901 
26.568617 
22.141307 
22.017424 
22.964884 
22.466723 
23.666537 
23.291825 
29.280580 
23.388441 
29.350011 
30.269313 
21.307771 
24.580945 
24.471563 
24.450686 
27.425506 
25.150989 
-974.237579 
21.067267 
24.982497 
22.761598 
24.046727 
25.821484 
25.225230 
24.428750 
33.581002 
