55.182549 
21.631778 
24.546861 
23.896082 
25.612212 
20.344910 
19.949917 
21.219905 
21.362848 
20.930304 
27.510397 
21.680751 
24.518737 
-976.902752 
22.655680 
25.449439 
21.943387 
22.384064 
27.350465 
26.925807 
23.040243 
38.929504 
35.477207 
48.949394 
29.034786 
22.068793 
26.624562 
24.801243 
21.220789 
21.000587 
21.450081 
21.164000 
22.223652 
21.385922 
22.648029 
23.855032 
38.481956 
32.555092 
34.865127 
25.612914 
27.649233 
35.132726 
49.789166 
43.885348 
25.154890 
23.147350 
23.794276 
27.478688 
29.287658 
