31.483973 
37.056748 
49.636026 
30.072779 
22.804831 
23.964631 
40.881192 
26.797596 
34.255861 
24.177378 
24.121279 
21.869103 
22.988678 
22.984620 
23.325348 
17.803155 
-964.998071 
21.851787 
22.761192 
23.462959 
23.622578 
24.291099 
32.642419 
27.400141 
22.563906 
23.321372 
24.991021 
46.380384 
33.351742 
23.133946 
22.250455 
26.822897 
22.999805 
24.094562 
23.403475 
59.218036 
24.166475 
23.411076 
23.089426 
24.799731 
26.885168 
24.634606 
23.224747 
-974.980765 
23.924300 
24.285902 
24.732120 
25.599089 
25.810153 
