38.441632 
25.975584 
40.544998 
22.522751 
21.550542 
40.637818 
27.923505 
23.207879 
23.836874 
26.145548 
23.155702 
23.354962 
27.309516 
40.668849 
32.777656 
28.768145 
22.535220 
30.166471 
22.195978 
21.806948 
23.666905 
26.449170 
24.277220 
26.884793 
24.996701 
23.755641 
44.123332 
21.700136 
23.221502 
23.669108 
32.055232 
52.273423 
51.082646 
25.962101 
23.213539 
22.049536 
23.066555 
23.610234 
21.361499 
22.237325 
25.199822 
25.858814 
23.672131 
22.219776 
25.968734 
27.259321 
24.113965 
-972.825139 
27.036719 
