23.416911 
22.476733 
37.196854 
30.213578 
22.574438 
22.182860 
22.834400 
56.539538 
25.063583 
23.822415 
24.240752 
33.179507 
23.558077 
21.528513 
22.179567 
24.628520 
22.010702 
23.058103 
22.706971 
24.621369 
24.890991 
23.791735 
22.518620 
24.387968 
21.821785 
23.537361 
23.054326 
21.810864 
21.958993 
23.811625 
22.526274 
22.043390 
22.646722 
23.806276 
22.276717 
21.713378 
23.233710 
21.510149 
21.971123 
22.799650 
20.951588 
22.237806 
21.792290 
23.875733 
22.818927 
21.945227 
23.159765 
26.718021 
24.124814 
