19.004495 
19.749983 
16.045048 
23.572652 
19.538935 
21.215295 
22.297519 
20.009289 
19.177380 
22.979703 
16.093646 
18.724757 
20.044700 
19.264884 
18.328986 
18.695029 
22.241153 
19.322916 
18.791008 
18.636594 
-980.155125 
21.060379 
20.258918 
19.961380 
20.392565 
21.423498 
22.503710 
22.868455 
19.749520 
22.596653 
20.067703 
17.800190 
20.338001 
21.731615 
20.260500 
18.290297 
18.168795 
24.026732 
21.329266 
20.519975 
18.898915 
18.911210 
24.799419 
16.706218 
19.154508 
17.693667 
18.842225 
21.496073 
20.777921 
