28.334656 
22.806308 
24.013007 
26.350606 
21.327597 
22.423907 
24.867765 
22.885573 
22.811865 
-976.292239 
24.691167 
24.150061 
24.390713 
24.800649 
21.206082 
25.208352 
23.038418 
22.890501 
23.516085 
24.807503 
21.247049 
42.219438 
16.089980 
23.426174 
22.411250 
23.011204 
23.347761 
24.597304 
23.518321 
23.950750 
23.168991 
24.410331 
-975.416431 
22.897124 
22.818629 
27.446208 
23.800086 
23.501946 
23.004802 
23.002342 
22.980665 
24.389817 
24.363587 
20.050643 
22.465425 
28.234067 
20.165184 
30.755820 
21.466960 
