23.492439 
22.194980 
22.240566 
22.617956 
22.334428 
22.107504 
22.081000 
22.373450 
22.055279 
25.706481 
25.720318 
22.204797 
21.456273 
22.467895 
21.747339 
-977.925527 
22.885857 
23.811613 
22.522905 
22.489515 
22.134464 
24.540024 
21.430039 
22.692097 
22.644111 
22.714458 
26.776650 
22.774912 
22.941470 
32.996436 
21.759952 
22.381323 
24.203664 
25.461544 
28.204171 
24.179107 
22.436583 
50.559581 
33.685599 
28.821965 
20.712099 
21.721897 
22.466157 
23.766384 
22.540361 
57.525062 
23.530508 
22.110513 
22.693999 
