22.032766 
22.873159 
23.302182 
25.875578 
29.959964 
24.415471 
22.855651 
31.350605 
29.050472 
24.526732 
31.151129 
24.235852 
24.000932 
23.467820 
23.610616 
25.477327 
22.788309 
21.750254 
21.819620 
23.875790 
23.455968 
23.224769 
42.451019 
25.151647 
28.721400 
49.347918 
31.526120 
30.164196 
21.897243 
32.943457 
26.958594 
33.095298 
31.263084 
29.232573 
42.353809 
45.042936 
23.810501 
37.900959 
29.334039 
36.350684 
23.666227 
28.930760 
23.963330 
30.254598 
23.101542 
22.126144 
-975.504222 
24.577810 
27.127602 
