30.541580 
27.322388 
24.437462 
24.199470 
33.177889 
23.214095 
29.144534 
23.929570 
28.210917 
22.879499 
22.933841 
33.217768 
27.790164 
24.843239 
24.186324 
33.901086 
39.584927 
23.473241 
27.462197 
25.388894 
23.900067 
24.000054 
25.533385 
26.862330 
-968.969090 
24.641995 
26.354702 
23.739926 
28.546648 
24.748235 
25.652596 
24.465337 
26.566342 
27.802644 
26.163379 
31.065967 
29.280132 
25.798943 
33.910849 
41.726678 
34.534235 
23.861849 
28.222038 
22.076101 
30.271429 
23.419770 
24.458545 
28.878304 
26.317344 
