26.089494 
25.985778 
-974.912349 
23.550771 
20.986135 
23.419109 
23.477570 
23.786768 
22.706414 
25.108636 
22.754334 
42.649187 
19.093484 
16.427002 
20.194924 
20.071923 
22.954613 
23.658998 
24.912183 
24.550774 
25.305697 
25.520732 
24.496979 
24.941369 
25.265441 
23.972485 
21.759251 
22.312829 
22.476852 
23.226136 
22.617601 
23.400139 
23.859155 
23.064334 
24.857374 
26.007817 
26.765327 
27.717195 
24.823382 
29.547392 
48.120066 
30.124902 
25.503203 
26.105751 
32.374933 
41.613662 
24.024951 
24.298483 
25.094527 
