25.643197 
29.100838 
26.136054 
25.471365 
25.711809 
24.513301 
-974.673928 
27.791291 
28.136784 
26.167476 
24.185548 
22.287127 
26.111351 
25.362851 
25.861502 
26.222147 
23.351866 
24.017540 
27.203342 
26.058033 
37.325842 
31.873467 
32.166972 
30.756036 
24.548961 
28.178373 
23.659712 
25.290929 
33.582469 
38.817111 
20.301911 
22.134559 
24.897967 
22.786119 
22.830124 
23.324949 
22.790318 
22.863514 
22.864431 
25.813704 
23.999166 
23.184098 
34.980292 
61.404478 
43.069291 
35.881174 
53.357803 
24.505715 
34.260330 
