24.386419 
21.882405 
24.929797 
25.828146 
53.967163 
26.679874 
25.016806 
26.691261 
24.893464 
27.417642 
26.545321 
27.402870 
23.673415 
25.087252 
27.271837 
26.798849 
26.027796 
25.469031 
24.486388 
23.390790 
24.042026 
24.194456 
23.177338 
25.392086 
24.045771 
23.454922 
35.491449 
25.534850 
26.555831 
34.710105 
15.761517 
35.299277 
30.290261 
28.352181 
23.912743 
23.234695 
23.353209 
28.005839 
27.489625 
24.255697 
24.801302 
40.091862 
58.941393 
66.478005 
27.666104 
36.450229 
30.527495 
69.630705 
39.279455 
