26.012653 
31.534123 
-962.838866 
38.225751 
32.503426 
27.070064 
22.970424 
22.862200 
23.648012 
24.889497 
24.176018 
25.460210 
24.974960 
26.585510 
24.360594 
23.039748 
21.939350 
30.843839 
24.334788 
22.885325 
35.106283 
40.599838 
31.292485 
47.353363 
23.509109 
24.785412 
30.874313 
26.945772 
27.570727 
28.124431 
24.357524 
33.304976 
26.329107 
22.853743 
31.993959 
24.426599 
25.170927 
33.112398 
42.367892 
23.040690 
47.432406 
30.433408 
36.182714 
21.429330 
54.950607 
30.780136 
21.140638 
21.490578 
22.300063 
