22.691284 
23.231371 
22.967140 
24.232133 
28.148060 
41.445626 
32.064852 
30.120664 
36.889729 
25.101904 
25.799639 
24.443424 
26.476911 
24.995180 
25.039948 
24.226553 
24.007119 
25.907653 
23.088353 
22.067012 
41.255174 
38.003624 
38.702408 
34.455425 
39.969098 
34.610792 
-948.826221 
24.364198 
22.309877 
32.449334 
33.742753 
25.605629 
26.233859 
23.700314 
38.138298 
27.778014 
29.802438 
42.522091 
23.297955 
25.016458 
28.707676 
21.872421 
24.073070 
26.976126 
25.340098 
36.737709 
25.860516 
41.589329 
29.884029 
