37.991597 
-960.145136 
19.562637 
24.610670 
26.642027 
36.872566 
37.068970 
20.441565 
43.203997 
38.163736 
29.986690 
23.037757 
24.793615 
26.673766 
25.047703 
23.964821 
24.826600 
23.453299 
24.833876 
30.605529 
27.481578 
26.385570 
31.702519 
22.289936 
24.908757 
34.781002 
62.122044 
49.864437 
71.596690 
46.141168 
38.759813 
23.662952 
24.559340 
24.863288 
37.716820 
24.003078 
20.670479 
22.540410 
23.025226 
32.623957 
22.423190 
34.700869 
23.290974 
23.276584 
18.718702 
-976.665616 
25.579495 
25.965645 
24.102068 
