20.086609 
19.583961 
19.372724 
22.787900 
22.518817 
21.999747 
20.465844 
21.558757 
17.270642 
20.082522 
23.423524 
20.820323 
20.376680 
17.710382 
26.609562 
18.814240 
20.727911 
21.826379 
21.294696 
18.428817 
18.084763 
17.788878 
20.131159 
22.166806 
21.814763 
18.761799 
22.639663 
16.928774 
18.127091 
23.390853 
19.743720 
20.513556 
18.508863 
25.021856 
21.996815 
19.395343 
19.768785 
20.442461 
20.386678 
19.812278 
19.752138 
-979.794990 
22.300171 
20.281548 
19.623779 
21.010460 
19.425192 
20.026519 
24.473757 
