24.218217 
27.344887 
27.263734 
25.502030 
23.364714 
25.984423 
26.630896 
24.045049 
26.138232 
40.812689 
34.307833 
26.441225 
21.806931 
23.327359 
25.778910 
25.269970 
24.071847 
24.402030 
28.384701 
37.655576 
21.585299 
57.362526 
-956.411676 
25.272254 
32.743353 
22.705186 
34.620219 
26.502045 
24.274590 
25.967377 
41.589765 
22.488488 
24.397884 
24.135017 
20.460300 
21.870659 
23.700791 
17.701077 
23.136031 
19.166454 
27.763436 
36.868193 
21.165758 
27.045007 
24.822394 
33.865908 
25.851335 
25.172664 
44.029349 
