20.597949 
23.558993 
-976.767791 
26.712571 
26.046765 
23.857244 
24.628750 
25.015125 
22.785601 
23.185750 
22.229226 
26.619381 
24.390445 
22.323030 
26.814609 
23.538063 
24.041731 
24.284420 
23.757913 
26.185660 
32.522346 
27.524477 
27.698296 
21.100253 
25.218782 
23.886912 
24.231388 
24.464427 
28.487365 
22.838138 
-973.465969 
26.313860 
25.844173 
23.614060 
30.702973 
29.140470 
23.927155 
32.330858 
28.606827 
24.738417 
24.236021 
25.477301 
26.598711 
24.632560 
24.450941 
24.770509 
23.871163 
23.269089 
27.155867 
