24.807918 
26.091004 
24.594215 
31.460931 
27.804444 
40.843717 
21.807795 
26.177829 
29.962053 
-976.224347 
24.266546 
26.045973 
24.430539 
36.483499 
30.118993 
32.206156 
22.814877 
23.845865 
34.665661 
26.033704 
29.173232 
35.624041 
31.901989 
40.061094 
37.740866 
41.386439 
43.719792 
25.867048 
31.961205 
28.030739 
41.661892 
23.560593 
33.532538 
-972.842646 
22.783225 
22.759759 
22.768173 
24.080766 
22.602581 
25.143290 
25.185510 
23.440666 
26.684288 
25.782430 
23.686830 
36.036767 
23.353392 
28.918429 
40.975427 
