28.619053 
24.831622 
26.715215 
35.823226 
26.354945 
31.981422 
29.182195 
32.336495 
27.392993 
26.242307 
25.966342 
22.240407 
22.419063 
25.142092 
23.053425 
24.581628 
26.904631 
24.743988 
48.767664 
85.825429 
24.964089 
25.614069 
28.520449 
27.188970 
26.167986 
30.787227 
24.299085 
22.848086 
33.975833 
26.891766 
26.113348 
23.990915 
29.431892 
23.479609 
24.683637 
-963.393949 
27.820310 
46.218352 
22.874449 
23.244443 
23.255775 
26.125279 
27.192137 
26.302781 
29.354819 
30.191883 
27.996716 
24.925513 
25.723349 
