25.708152 
25.070819 
25.781721 
25.302660 
24.889003 
24.335190 
25.906333 
26.731009 
30.265566 
44.117926 
26.048756 
26.240365 
31.203766 
41.718558 
27.706180 
24.608899 
28.954666 
21.763483 
22.339540 
35.416844 
22.731021 
23.644890 
22.269657 
36.354889 
25.174075 
25.664547 
26.039233 
23.104274 
22.519244 
24.503848 
27.163722 
23.149051 
24.641008 
24.180010 
24.035883 
21.812448 
22.910786 
29.972088 
23.880669 
24.832816 
-965.705483 
29.420093 
38.463029 
29.966839 
26.469776 
25.072221 
23.763729 
28.160275 
25.684798 
