30.502264 
28.609762 
25.255665 
25.277287 
27.641115 
29.153245 
25.358966 
30.571263 
23.921656 
29.297094 
29.977305 
22.951888 
23.413287 
25.831718 
23.636725 
23.813345 
39.675847 
25.068648 
-976.443348 
25.096997 
25.213246 
33.295856 
23.465714 
24.324174 
22.446521 
22.062090 
31.021163 
25.454207 
23.176553 
22.743179 
24.154586 
22.407999 
22.032371 
28.694405 
31.811076 
27.132455 
27.073183 
31.633695 
24.220713 
28.229354 
25.387394 
30.286107 
26.050562 
31.728654 
26.821131 
25.338669 
28.590776 
24.322707 
27.069167 
