30.544643 
37.120262 
22.131050 
23.110882 
24.545029 
26.431806 
25.120698 
24.955638 
23.222421 
22.351510 
26.774305 
21.471915 
24.724830 
22.795889 
24.019492 
23.152620 
23.516545 
22.348190 
23.045075 
20.589591 
27.206563 
27.881855 
26.830299 
23.934970 
26.380320 
27.672470 
22.151760 
23.457243 
38.355218 
23.230571 
22.043337 
24.373223 
25.738452 
27.916363 
23.148503 
24.310977 
-966.498480 
26.245190 
24.086735 
31.503853 
48.555461 
35.106665 
30.095385 
22.829567 
28.541571 
22.774561 
23.361678 
23.243437 
24.039008 
