22.274024 
25.136558 
27.883564 
22.814788 
22.863534 
23.352337 
33.987437 
32.613641 
23.286593 
21.763814 
23.690400 
23.799306 
28.187225 
22.948987 
23.140075 
-976.146045 
24.496829 
24.168956 
29.774650 
23.978314 
23.229774 
36.676455 
27.815535 
22.643443 
23.614763 
23.318384 
23.665879 
22.159402 
22.278649 
23.697155 
23.339550 
23.852977 
22.038811 
22.666413 
24.109057 
23.133872 
23.990919 
40.076758 
24.511288 
30.576948 
24.522148 
35.395438 
24.466065 
23.475808 
24.489854 
27.494018 
31.371456 
27.563891 
41.298695 
