25.197995 
22.655428 
34.895164 
46.962372 
29.012586 
25.268798 
41.327769 
33.294394 
48.318318 
23.511665 
25.304392 
23.774790 
24.892997 
30.058166 
31.377255 
27.622984 
28.170644 
30.461248 
32.340301 
-977.211650 
32.238896 
29.598565 
25.702433 
32.065741 
29.378000 
22.889435 
24.096376 
28.961316 
24.930329 
24.081736 
22.985437 
29.868264 
22.235462 
22.665537 
27.459052 
25.993418 
32.368236 
38.031023 
26.762706 
26.721314 
35.489021 
24.805973 
24.059699 
31.078769 
26.286741 
25.427814 
27.081533 
-972.995153 
24.712707 
