23.715519 
28.482351 
37.623125 
28.825379 
24.108022 
28.292901 
24.017868 
38.169062 
22.344179 
36.644517 
22.925230 
41.351111 
26.111956 
27.805306 
31.046634 
25.034267 
22.853061 
27.753039 
22.881669 
24.075913 
26.651801 
27.195797 
31.097285 
24.542456 
23.953656 
33.817372 
22.652338 
22.194564 
23.443180 
28.934479 
36.858208 
35.508700 
33.045340 
29.821449 
42.051809 
22.403767 
24.042207 
26.625046 
24.280090 
25.492757 
23.713659 
27.911666 
22.974672 
24.402302 
23.324382 
24.346143 
27.003411 
23.501501 
24.536211 
