20.158563 
20.629093 
21.892238 
18.680163 
18.591708 
18.542162 
20.680460 
19.073285 
19.996043 
20.163922 
20.758064 
20.775527 
19.897288 
19.978375 
24.494020 
19.865349 
19.139295 
20.818642 
18.439400 
22.477925 
23.437752 
17.933593 
40.057763 
21.324875 
20.962301 
19.631365 
-974.399516 
19.938458 
20.101867 
20.452383 
18.388235 
19.978998 
17.831807 
24.355962 
19.105198 
19.242242 
23.038273 
18.899627 
16.703021 
23.721947 
18.105710 
18.355299 
19.470503 
17.882587 
19.325242 
20.193263 
26.994520 
24.042162 
20.185937 
