31.570130 
26.194751 
24.205238 
23.495308 
25.045435 
27.882633 
26.088362 
24.715569 
24.373043 
27.295959 
30.315052 
27.858339 
26.475663 
30.071544 
32.376862 
37.664905 
42.516485 
38.967617 
23.472478 
26.037475 
23.760474 
25.929706 
22.384865 
24.448262 
23.949730 
23.036579 
22.626711 
23.004998 
23.502565 
23.345213 
27.619640 
41.130811 
20.560842 
24.475655 
26.354436 
23.393218 
34.076054 
20.610812 
26.294065 
30.463834 
22.269752 
33.880323 
29.989796 
52.279314 
25.751061 
26.739362 
24.559062 
22.550055 
28.666657 
