22.848835 
23.664050 
23.041269 
24.109318 
24.148468 
22.266456 
23.943582 
27.120571 
-977.882853 
25.798275 
20.806873 
22.887341 
22.250184 
25.507189 
26.535652 
23.817820 
29.090988 
27.522900 
24.074033 
20.445177 
23.487975 
23.619876 
25.848996 
24.731073 
28.712272 
26.541671 
24.291695 
25.896150 
23.285189 
24.178762 
24.921026 
25.027613 
24.589155 
26.099328 
25.098971 
27.406738 
24.217651 
-975.145032 
16.951914 
22.942530 
28.544317 
23.005200 
29.980577 
25.771237 
28.838433 
27.663409 
21.157587 
29.637338 
25.904738 
