29.261267 
38.117775 
24.001334 
23.575244 
23.285033 
26.141091 
29.123781 
33.010702 
20.765849 
26.081004 
30.478835 
28.760203 
22.965532 
23.731728 
24.119048 
23.369503 
23.820977 
-972.839905 
27.413290 
27.080973 
25.268012 
27.253224 
23.007261 
23.974294 
25.216609 
30.940394 
23.047238 
24.271088 
26.254789 
23.029653 
21.821902 
38.155492 
26.964083 
25.525242 
28.862693 
25.489547 
31.983620 
24.020087 
25.494435 
24.306888 
31.253584 
20.604377 
22.607313 
37.893560 
26.509446 
-974.492123 
22.264080 
23.475324 
24.596553 
