26.317263 
24.151096 
25.734318 
25.361826 
25.869038 
25.088489 
28.488459 
30.321628 
23.956492 
31.238074 
43.801280 
25.095846 
23.502106 
25.185192 
24.478210 
23.940862 
23.518027 
25.068054 
26.300548 
24.326444 
25.355428 
29.452952 
26.890812 
35.423994 
-970.647876 
26.464147 
35.981224 
24.079784 
26.196403 
23.162202 
23.387887 
23.467375 
24.168273 
24.990242 
22.403212 
23.089292 
25.247509 
27.226463 
26.005307 
34.748051 
48.093959 
25.623159 
22.431077 
31.751780 
29.703608 
25.258794 
19.559190 
22.235119 
26.577998 
