29.180320 
26.327779 
27.917589 
24.248751 
34.225579 
24.636029 
24.159028 
30.809859 
23.746385 
32.568113 
22.958896 
26.134426 
22.151962 
35.652415 
26.910372 
29.962059 
21.444876 
26.508996 
34.917682 
26.571485 
22.045336 
23.405401 
24.715257 
30.089465 
23.430075 
20.110057 
21.697962 
23.767803 
23.242869 
-976.561031 
24.232654 
23.367213 
23.694509 
24.342788 
30.452144 
21.675994 
24.696461 
22.512859 
30.246939 
22.041307 
22.900742 
28.907807 
23.143020 
33.260388 
22.079207 
34.304654 
22.955564 
22.941900 
24.036894 
