30.176272 
28.893743 
22.807313 
22.857138 
22.583390 
24.298446 
22.757833 
23.253527 
23.420732 
24.237369 
-969.941378 
23.388500 
66.112744 
37.039845 
46.010075 
36.878994 
23.725810 
31.090267 
24.913548 
25.026766 
24.006403 
27.705384 
22.595860 
26.300266 
40.345061 
24.333869 
23.145573 
23.606897 
24.384687 
27.600871 
26.082278 
23.808424 
25.480470 
25.159474 
27.675502 
28.009835 
29.534945 
26.457209 
27.329917 
25.344386 
24.694251 
33.096644 
24.053580 
33.586619 
25.999112 
24.644503 
24.298417 
25.960259 
27.542938 
