31.606983 
28.580659 
19.891963 
23.133844 
27.149253 
33.376322 
30.676550 
27.835376 
24.233800 
24.119642 
23.408388 
26.478247 
27.499898 
24.520584 
31.810842 
-971.873985 
28.955059 
37.694613 
25.055496 
25.842472 
24.172500 
28.334261 
26.915685 
25.242566 
26.251382 
27.626085 
29.238899 
27.688431 
52.917759 
27.254214 
26.206498 
48.975682 
21.449994 
22.896591 
25.365869 
22.449501 
22.513206 
22.523156 
23.268387 
24.155055 
23.562175 
26.040921 
22.663556 
24.820218 
23.069120 
28.317559 
23.797564 
23.654664 
23.873594 
