28.664502 
20.700050 
23.391641 
28.102079 
22.605934 
30.035210 
27.330786 
25.439349 
24.370533 
34.350936 
24.837138 
25.223163 
48.279895 
26.880396 
32.060004 
23.489006 
24.942109 
25.580138 
23.491988 
25.413608 
26.795245 
24.365217 
-975.680977 
27.970693 
35.872361 
23.856927 
25.842576 
25.430313 
26.832420 
28.432614 
24.382079 
25.662378 
24.959270 
24.199259 
23.782200 
19.263178 
24.531855 
38.334000 
23.747118 
23.413683 
25.074957 
31.284539 
34.566857 
35.175142 
24.506521 
22.990676 
23.185178 
23.312155 
26.087327 
