24.649976 
25.767766 
26.089844 
26.859166 
28.425389 
21.107818 
23.610076 
22.490016 
24.118881 
33.725224 
30.321446 
28.629025 
21.399041 
23.622588 
25.050751 
18.122529 
37.342413 
23.142214 
25.816077 
33.627192 
29.267090 
26.735785 
25.715427 
24.049886 
28.996303 
26.174880 
23.336046 
29.848318 
22.667347 
32.957547 
-974.536976 
24.760797 
26.761550 
23.826369 
24.590681 
29.286544 
23.494775 
26.649319 
36.473762 
24.823600 
25.325121 
24.352211 
21.037986 
23.207359 
32.454613 
19.776898 
24.342056 
29.900025 
21.909124 
