42.701125 
27.161081 
25.835374 
30.829604 
25.579385 
24.816464 
24.621801 
24.751247 
-974.552398 
20.105229 
26.603568 
25.300718 
34.862056 
23.193956 
27.253206 
26.889433 
26.976194 
28.609856 
27.470466 
27.327339 
23.947335 
26.685826 
30.547113 
54.939076 
26.640907 
21.247423 
24.465607 
25.135006 
23.401641 
25.379664 
24.860710 
37.547708 
19.573454 
22.064613 
24.887033 
30.995972 
25.437854 
27.919888 
27.679820 
41.034711 
25.444858 
25.957679 
24.939703 
24.442493 
23.707487 
24.198029 
28.642942 
33.977448 
25.498540 
