19.874076 
20.366131 
20.084244 
18.023434 
19.628128 
19.513752 
18.447686 
34.842562 
30.131676 
19.422823 
-980.290711 
19.846079 
19.975582 
19.972610 
18.849151 
17.032117 
22.501227 
18.086228 
17.287764 
17.838297 
21.218268 
20.175712 
20.904558 
21.366694 
20.015783 
19.900408 
19.551375 
18.418560 
20.965321 
26.045907 
21.279728 
18.045470 
18.261785 
22.543029 
20.558110 
22.052363 
19.676100 
20.107396 
21.999015 
19.456438 
20.487342 
24.074814 
20.614311 
25.722750 
19.683151 
20.400152 
24.814643 
21.376320 
20.439148 
