32.240946 
29.120172 
26.868945 
22.987283 
27.947841 
26.410039 
25.889363 
25.370766 
30.793531 
25.809049 
25.120686 
28.078734 
-976.506647 
23.703702 
28.540706 
23.221803 
24.362513 
24.762986 
26.440367 
22.522904 
25.412735 
23.184737 
25.339992 
23.996174 
23.250147 
28.504076 
23.772683 
23.246428 
24.522233 
28.742452 
22.718046 
27.234441 
26.511204 
26.510281 
37.578957 
33.483479 
22.251103 
23.083624 
32.459536 
22.671189 
30.136649 
-973.859875 
24.374678 
23.538945 
31.821217 
25.389018 
24.168252 
28.627010 
28.075785 
