28.925155 
22.217706 
25.009858 
29.849756 
26.590016 
21.167513 
23.676574 
23.325062 
26.160310 
27.854264 
24.789687 
26.505442 
21.700352 
26.982406 
23.777199 
24.946759 
24.433347 
24.488932 
23.614058 
30.756361 
24.660851 
25.145810 
23.598223 
27.251402 
25.973049 
25.673117 
25.456764 
26.853125 
28.039444 
25.442806 
26.993152 
26.411208 
25.890877 
25.630028 
25.810802 
25.847926 
23.550917 
25.099141 
24.562099 
24.830223 
22.766347 
24.499744 
32.917752 
28.117870 
25.316428 
42.631881 
20.071613 
24.425439 
25.169588 
