24.251100 
22.710119 
-976.653888 
26.813153 
34.728408 
29.226881 
23.059089 
25.685959 
28.100699 
27.747797 
24.310547 
24.183692 
23.175670 
26.355888 
27.553238 
54.445702 
26.008229 
35.750820 
28.842827 
25.335894 
34.657348 
23.189119 
25.949060 
50.648199 
25.759677 
28.350235 
23.973371 
24.401892 
-972.685847 
25.331693 
24.020634 
25.160218 
24.868347 
24.130305 
39.996571 
24.271709 
24.969648 
24.932076 
24.073389 
27.397569 
23.657470 
24.711393 
24.674745 
23.426234 
24.579351 
25.256591 
24.365433 
24.610142 
23.330709 
