25.405159 
32.041997 
25.876425 
25.270839 
30.101099 
16.947783 
26.133804 
32.093090 
-981.270441 
24.602232 
28.034116 
32.224112 
28.759141 
24.682356 
34.126058 
22.221248 
23.653645 
30.337301 
27.477261 
25.629753 
22.632362 
23.726105 
24.298549 
23.414579 
53.045104 
21.909788 
26.943999 
27.349367 
31.888396 
22.037869 
30.013971 
31.300977 
22.471433 
24.731255 
24.728850 
-967.349195 
27.054853 
24.392890 
32.734058 
20.020210 
31.405710 
27.957328 
47.321264 
53.904715 
27.379708 
23.098898 
34.689935 
24.413115 
23.537187 
