25.559364 
27.219373 
25.382249 
24.282546 
23.821102 
24.170701 
30.022463 
26.948698 
22.581290 
25.622444 
41.351414 
39.921647 
-959.372020 
26.508773 
26.125563 
25.494426 
28.204061 
24.376318 
22.441743 
22.990795 
25.009024 
26.714000 
25.165466 
27.394902 
24.298711 
26.367404 
25.162387 
22.557071 
22.820624 
24.479648 
26.405311 
22.910438 
27.851295 
25.370007 
24.350128 
26.514651 
19.582333 
25.259928 
26.607143 
26.205618 
27.154205 
-974.548659 
33.762744 
26.121805 
25.436849 
27.395388 
26.286210 
34.573860 
27.057992 
