24.365228 
27.275563 
32.512707 
30.264742 
18.575446 
26.202883 
23.504612 
23.620308 
23.560483 
24.233006 
25.222751 
29.643718 
24.619631 
22.745055 
34.991967 
38.893910 
24.067856 
26.419221 
25.800719 
25.731630 
-969.169431 
26.267128 
28.115613 
29.101861 
33.587196 
23.299451 
26.006620 
25.791967 
29.933240 
25.251789 
27.924380 
25.050356 
27.212695 
27.616013 
37.681499 
18.898769 
25.366958 
25.605798 
26.803182 
26.048118 
29.934130 
25.802429 
17.765671 
25.344628 
22.922980 
25.928918 
43.117656 
17.910908 
26.155335 
