24.737598 
31.071377 
32.038170 
24.367046 
26.065511 
23.770000 
22.961211 
23.357570 
28.398118 
25.889770 
25.194491 
27.155716 
24.498284 
23.549960 
24.039131 
25.152435 
26.032926 
26.624355 
40.905476 
32.344168 
23.112519 
31.115369 
32.224642 
21.663529 
30.114358 
23.101698 
33.157195 
23.653560 
24.431246 
35.951203 
27.221503 
25.821214 
24.436252 
25.306916 
24.223567 
23.377260 
27.112823 
24.170654 
29.907133 
37.360291 
18.951999 
22.650730 
24.803997 
23.985672 
30.463029 
23.932021 
22.623698 
24.198106 
25.386058 
