27.975989 
24.458345 
27.000870 
-956.751737 
24.632721 
25.135077 
22.248836 
22.172068 
24.494337 
29.499794 
28.754753 
23.917303 
24.012242 
24.026280 
24.180668 
18.526143 
24.639723 
23.894912 
33.441923 
25.289455 
19.131578 
23.967020 
24.447364 
26.571086 
33.265387 
28.151874 
23.479614 
36.477497 
31.812350 
22.933384 
25.705660 
26.047551 
35.435507 
24.763301 
25.072882 
24.143965 
27.180874 
28.449838 
31.095600 
27.200041 
27.985773 
36.644053 
30.266841 
27.015524 
19.550283 
28.905554 
34.284206 
24.323824 
26.717451 
