17.945885 
33.974973 
25.657457 
27.137102 
29.295305 
24.096557 
27.092301 
30.962251 
49.609528 
-968.253384 
25.196286 
30.394633 
28.728410 
22.793042 
24.872644 
26.176489 
30.813815 
27.636804 
29.064621 
24.359235 
27.585488 
25.353021 
27.766616 
27.705846 
36.309604 
24.119106 
23.483548 
24.568738 
34.785149 
29.141704 
30.067463 
24.918034 
22.016012 
25.469227 
29.089841 
24.482596 
-970.698211 
37.598200 
26.281621 
25.714222 
24.977418 
25.399080 
23.194368 
23.806410 
24.748561 
24.409100 
24.224084 
36.410254 
25.884639 
