26.224000 
27.717698 
24.334450 
26.537132 
25.278357 
24.289249 
26.810162 
26.036921 
24.818055 
29.875614 
27.381165 
28.085567 
25.734803 
24.928737 
25.875379 
-971.102518 
36.154378 
25.441287 
27.131790 
26.629533 
30.987871 
25.813712 
26.904192 
19.989473 
29.810745 
23.811737 
25.615894 
28.983556 
26.146404 
24.035381 
24.675309 
24.760888 
24.442698 
23.974053 
31.661811 
25.140778 
24.423134 
27.258129 
34.461128 
26.533411 
24.153786 
23.164638 
-973.370957 
24.407396 
26.265989 
27.304682 
24.290526 
23.282332 
34.584484 
