99.090000 
159.228000 
164.299000 
157.606000 
162.891000 
83.125000 
164.501000 
157.223000 
156.319000 
190.377000 
191.945000 
125.216000 
202.765000 
127.604000 
107.856000 
117.892000 
188.773000 
151.078000 
242.951000 
173.677000 
260.888000 
140.957000 
194.963000 
208.977000 
139.194000 
135.213000 
131.288000 
178.865000 
168.281000 
207.917000 
140.945000 
207.351000 
151.821000 
220.233000 
219.840000 
240.289000 
216.602000 
252.400000 
132.209000 
158.949000 
123.446000 
120.510000 
264.050000 
129.912000 
128.050000 
136.907000 
413.358000 
214.043000 
208.369000 
164.438000 
226.122000 
235.636000 
10964.345000 
125.251000 
131.392000 
125.048000 
174.688000 
251.140000 
153.452000 
171.767000 
137.225000 
225.966000 
123.596000 
132.983000 
255.672000 
132.296000 
125.661000 
127.420000 
125.272000 
160.432000 
241.490000 
251.250000 
158.609000 
228.176000 
197.327000 
200.679000 
198.371000 
185.202000 
183.997000 
150.617000 
199.362000 
130.742000 
234.786000 
133.033000 
128.006000 
131.016000 
139.714000 
206.101000 
199.574000 
210.719000 
236.775000 
228.675000 
266.176000 
2437.858000 
202.345000 
172.633000 
208.006000 
131.015000 
283.818000 
197.790000 
230.866000 
202.511000 
204.113000 
207.027000 
2735.230000 
222.108000 
228.501000 
291.115000 
214.504000 
196.182000 
189.430000 
208.266000 
214.207000 
211.045000 
131.136000 
244.834000 
134.155000 
139.979000 
183.105000 
202.062000 
138.862000 
199.800000 
187.471000 
140.124000 
201.120000 
216.151000 
275.188000 
293.824000 
192.147000 
198.249000 
265.293000 
201.256000 
250.528000 
179.932000 
197.784000 
137.012000 
180.342000 
151.998000 
128.273000 
215.531000 
300.290000 
208.354000 
135.027000 
198.402000 
212.158000 
198.603000 
142.678000 
219.706000 
1171.806000 
230.439000 
135.671000 
132.133000 
124.388000 
136.257000 
215.036000 
212.787000 
212.021000 
200.242000 
208.296000 
218.422000 
237.129000 
126.682000 
274.981000 
312.548000 
244.660000 
170.342000 
207.826000 
197.064000 
206.064000 
195.146000 
197.172000 
87.659000 
160.191000 
158.378000 
159.305000 
157.955000 
85.865000 
83.800000 
161.796000 
158.946000 
164.847000 
128.537000 
127.393000 
132.676000 
162.092000 
188.534000 
102.947000 
122.639000 
113.416000 
366.506000 
265.259000 
204.179000 
273.891000 
213.341000 
198.166000 
209.094000 
224.943000 
125.830000 
252.150000 
146.376000 
127.068000 
129.356000 
211.131000 
207.399000 
200.274000 
233.456000 
206.262000 
211.305000 
239.351000 
237.089000 
204.754000 
122.622000 
211.422000 
126.054000 
130.141000 
128.606000 
211.520000 
128.885000 
201.735000 
198.154000 
238.313000 
198.325000 
128.424000 
220.544000 
1250.097000 
246.784000 
127.135000 
138.035000 
342.075000 
201.936000 
157.956000 
201.023000 
197.873000 
215.966000 
210.499000 
215.881000 
207.171000 
151.840000 
220.626000 
2433.157000 
237.857000 
202.281000 
176.125000 
217.273000 
214.744000 
206.758000 
236.485000 
214.148000 
1207.994000 
3397.953000 
173.254000 
130.333000 
232.692000 
215.121000 
205.548000 
194.456000 
208.241000 
209.964000 
209.224000 
221.027000 
211.467000 
182.561000 
1859.903000 
212.838000 
126.411000 
240.309000 
140.455000 
207.450000 
293.723000 
208.691000 
213.181000 
151.615000 
207.093000 
130.111000 
218.177000 
130.363000 
120.701000 
233.280000 
199.070000 
209.305000 
200.461000 
216.826000 
292.676000 
232.311000 
205.149000 
184.293000 
208.865000 
123.479000 
201.420000 
124.328000 
125.375000 
135.232000 
150.240000 
205.665000 
186.574000 
202.507000 
230.518000 
208.678000 
222.782000 
183.959000 
1175.450000 
317.852000 
124.978000 
143.091000 
304.910000 
200.422000 
207.842000 
214.015000 
201.187000 
137.520000 
197.766000 
209.167000 
137.521000 
208.748000 
198.106000 
203.608000 
234.319000 
204.875000 
205.266000 
221.831000 
212.334000 
216.787000 
152.841000 
187.537000 
186.036000 
184.460000 
130.583000 
207.032000 
185.595000 
160.102000 
188.420000 
206.119000 
198.105000 
219.050000 
126.799000 
159.387000 
161.728000 
121.155000 
238.885000 
355.757000 
138.736000 
205.515000 
103.076000 
136.504000 
225.256000 
157.966000 
119.902000 
155.929000 
163.439000 
175.802000 
76.826000 
130.471000 
105.754000 
118.492000 
110.468000 
172.266000 
159.800000 
192.072000 
187.636000 
190.093000 
234.794000 
202.708000 
204.290000 
127.206000 
140.243000 
233.542000 
122.065000 
203.362000 
270.820000 
244.334000 
203.858000 
197.215000 
144.856000 
222.008000 
217.981000 
137.416000 
213.278000 
165.520000 
126.923000 
138.635000 
339.780000 
203.524000 
202.587000 
208.696000 
196.713000 
193.006000 
195.321000 
242.172000 
802.037000 
172.970000 
248.749000 
128.072000 
143.680000 
136.309000 
204.967000 
204.574000 
182.227000 
210.070000 
203.473000 
204.954000 
234.213000 
202.554000 
126.933000 
220.427000 
184.574000 
310.996000 
178.072000 
208.848000 
164.671000 
144.991000 
190.619000 
208.146000 
209.468000 
188.543000 
125.748000 
223.933000 
148.372000 
132.914000 
133.173000 
216.527000 
138.320000 
224.927000 
196.729000 
233.212000 
200.160000 
219.786000 
209.688000 
126.724000 
211.347000 
2548.590000 
181.601000 
280.038000 
191.154000 
211.670000 
209.162000 
207.963000 
242.974000 
239.792000 
144.311000 
182.250000 
124.647000 
134.804000 
209.798000 
207.558000 
140.091000 
185.287000 
204.850000 
186.779000 
210.179000 
210.761000 
126.581000 
244.526000 
126.997000 
123.076000 
134.949000 
148.738000 
205.992000 
168.528000 
201.866000 
213.436000 
188.119000 
208.029000 
125.785000 
127.409000 
145.854000 
170.256000 
130.380000 
122.078000 
192.487000 
196.069000 
138.651000 
207.931000 
284.364000 
215.770000 
191.705000 
196.516000 
129.608000 
272.172000 
149.027000 
150.544000 
239.330000 
207.260000 
206.401000 
188.470000 
186.641000 
215.074000 
262.230000 
207.704000 
209.045000 
126.280000 
233.396000 
141.231000 
297.128000 
138.154000 
201.136000 
211.777000 
192.600000 
196.881000 
136.621000 
198.657000 
209.660000 
196.278000 
126.120000 
225.029000 
126.182000 
136.573000 
131.286000 
205.815000 
276.982000 
151.461000 
226.983000 
207.577000 
210.758000 
159.221000 
158.348000 
159.751000 
124.952000 
157.656000 
128.966000 
116.294000 
99.352000 
88.635000 
108.373000 
119.707000 
159.555000 
160.857000 
118.645000 
190.346000 
224.216000 
164.399000 
161.232000 
216.680000 
129.466000 
133.081000 
207.208000 
200.558000 
200.409000 
320.883000 
187.484000 
265.564000 
162.296000 
159.384000 
124.591000 
142.466000 
220.089000 
171.174000 
193.149000 
236.963000 
208.427000 
135.061000 
233.016000 
124.223000 
136.060000 
249.163000 
236.192000 
147.553000 
200.092000 
350.544000 
245.569000 
123.627000 
245.679000 
154.565000 
125.492000 
129.266000 
184.825000 
199.771000 
186.413000 
132.910000 
128.111000 
246.301000 
127.762000 
130.608000 
209.410000 
204.150000 
458.532000 
154.296000 
239.439000 
130.596000 
207.652000 
2220.920000 
317.576000 
209.694000 
207.162000 
188.132000 
206.640000 
207.281000 
138.731000 
227.839000 
178.026000 
123.264000 
124.094000 
124.782000 
121.563000 
124.329000 
127.018000 
128.630000 
217.830000 
129.478000 
187.448000 
135.281000 
131.791000 
205.824000 
233.073000 
189.196000 
133.512000 
125.995000 
148.204000 
121.425000 
206.357000 
236.592000 
200.780000 
189.011000 
206.258000 
210.008000 
136.091000 
163.132000 
141.640000 
356.984000 
203.637000 
239.337000 
165.088000 
208.355000 
212.628000 
304.514000 
246.587000 
128.489000 
132.504000 
139.468000 
209.898000 
130.793000 
147.576000 
208.864000 
207.727000 
177.937000 
134.918000 
204.974000 
351.010000 
278.807000 
209.593000 
218.347000 
215.901000 
198.091000 
125.018000 
239.545000 
125.140000 
160.526000 
228.820000 
198.134000 
201.379000 
203.292000 
208.729000 
136.785000 
220.767000 
196.747000 
131.301000 
167.820000 
203.110000 
215.545000 
165.372000 
142.459000 
128.600000 
232.468000 
124.630000 
228.816000 
429.545000 
198.790000 
203.722000 
199.372000 
192.660000 
3642.411000 
181.692000 
137.091000 
298.782000 
220.780000 
203.851000 
210.741000 
206.568000 
139.528000 
136.096000 
144.395000 
218.397000 
229.989000 
190.148000 
198.771000 
