1 19.472698 
2 19.393267 
3 20.068714 
4 20.035612 
5 19.918886 
6 20.090881 
7 20.584967 
8 20.723173 
9 20.872465 
10 20.220900 
11 20.855558 
12 21.960253 
13 20.690292 
14 20.880430 
15 20.416842 
16 21.933344 
17 20.876997 
18 20.694500 
19 21.074556 
20 21.163525 
21 22.020147 
22 21.170788 
23 21.671686 
24 26.285467 
25 23.401045 
26 21.116755 
27 22.043617 
28 21.950052 
29 22.156754 
30 23.248434 
31 23.052269 
32 23.309334 
33 22.735212 
34 22.301098 
35 23.757460 
36 22.534599 
37 22.532419 
38 23.192961 
39 23.185797 
40 23.044319 
41 23.231663 
42 23.016230 
43 22.894836 
44 23.513552 
45 23.170004 
46 23.943209 
47 23.056244 
48 23.716812 
49 25.844198 
50 23.876862 
51 23.774450 
52 24.225954 
53 23.717394 
54 24.327894 
55 26.429985 
56 27.412592 
57 27.177656 
58 27.594007 
59 24.321817 
60 23.984310 
61 24.852411 
62 28.049883 
63 27.346643 
64 25.449495 
65 28.349657 
66 29.760553 
67 28.907829 
68 29.082151 
69 29.990175 
70 27.479471 
71 25.281416 
72 29.210314 
73 28.735559 
74 26.868624 
75 26.692541 
76 25.978910 
77 25.992384 
78 28.774954 
79 27.558928 
80 27.638300 
81 24.855967 
82 26.365829 
83 26.889969 
84 25.944374 
85 27.755339 
86 27.023230 
87 26.855110 
88 26.179972 
89 27.543510 
90 26.399937 
91 25.824656 
92 27.297426 
93 28.170635 
94 26.422132 
95 26.722845 
96 26.583910 
97 26.652651 
98 27.559942 
99 26.514223 
