1 495.757385 
2 308.220551 
3 490.938293 
4 470.407196 
5 531.375488 
6 510.694885 
7 535.893372 
8 507.639465 
9 530.278503 
10 507.356232 
11 518.836121 
12 514.051514 
13 513.545532 
14 506.538330 
15 508.809906 
16 496.129028 
17 486.319336 
18 479.115997 
19 479.258881 
20 479.641754 
21 479.273224 
22 477.481079 
23 483.145569 
24 470.517456 
25 475.629028 
26 472.431671 
27 466.918121 
28 469.957886 
29 462.701080 
30 465.953949 
31 466.307800 
32 461.782440 
33 457.292664 
34 463.710846 
35 470.497314 
36 470.981140 
37 464.532593 
38 463.587921 
39 468.194092 
40 466.507233 
41 473.263306 
42 461.374756 
43 472.634491 
44 463.765198 
45 456.206879 
46 486.457153 
47 467.098083 
48 465.365173 
49 474.959503 
50 466.787079 
51 472.201904 
52 471.294220 
53 474.866425 
54 473.379303 
55 473.057404 
56 471.042816 
57 478.925629 
58 475.299103 
59 470.268738 
60 470.825043 
61 463.418488 
62 481.634644 
63 473.697021 
64 456.486847 
65 480.282379 
66 485.878540 
67 467.114380 
68 486.708527 
69 469.833099 
70 477.170074 
71 494.574249 
72 465.410828 
73 455.179688 
74 484.709137 
75 472.930115 
76 480.126587 
77 464.983826 
78 470.291718 
79 494.154175 
80 487.857880 
81 515.331238 
82 493.602448 
83 477.943817 
84 505.514740 
85 503.596222 
86 495.868896 
87 483.105896 
88 486.983856 
89 499.956543 
90 508.085785 
91 509.300201 
92 494.184723 
93 509.962219 
94 496.555054 
95 496.735657 
96 512.776611 
97 526.866333 
98 495.605560 
99 513.536865 
