1 66.476845 
2 55.578140 
3 64.550247 
4 66.044006 
5 70.475288 
6 69.923203 
7 71.559380 
8 71.423538 
9 72.161415 
10 77.235809 
11 76.042137 
12 75.256645 
13 75.611267 
14 77.113220 
15 76.337860 
16 76.522285 
17 75.715942 
18 77.090393 
19 78.296837 
20 77.868431 
21 77.933960 
22 85.741432 
23 76.639740 
24 75.693550 
25 76.482079 
26 77.227043 
27 74.712723 
28 74.839836 
29 76.032356 
30 75.746262 
31 77.042679 
32 76.374855 
33 76.709396 
34 76.365257 
35 72.800858 
36 77.422157 
37 73.845345 
38 76.334541 
39 75.819489 
40 74.561989 
41 76.058899 
42 75.684128 
43 74.658577 
44 76.090660 
45 76.725929 
46 68.878723 
47 71.476433 
48 73.805771 
49 73.508591 
50 74.734093 
51 75.208183 
52 75.909828 
53 75.070381 
54 75.154144 
55 74.501213 
56 73.608940 
57 76.417160 
58 77.605293 
59 75.765167 
60 77.227112 
61 77.050652 
62 74.548691 
63 71.174721 
64 71.996941 
65 74.697769 
66 72.576866 
67 73.935074 
68 76.832130 
69 74.460495 
70 75.579529 
71 72.150009 
72 77.244225 
73 74.503960 
74 76.010429 
75 75.130486 
76 77.437782 
77 74.600670 
78 77.251022 
79 74.200890 
80 76.415604 
81 74.580910 
82 74.297470 
83 75.140953 
84 76.337357 
85 76.369049 
86 74.127953 
87 73.325203 
88 74.641739 
89 76.734451 
90 75.692825 
91 75.253654 
92 72.960052 
93 77.648079 
94 76.839455 
95 75.577751 
96 74.942360 
97 76.896927 
98 75.609314 
99 76.745728 
