1 288.854065 
2 182.876160 
3 284.365875 
4 262.592010 
5 308.095703 
6 287.605621 
7 308.987946 
8 289.382507 
9 302.964874 
10 290.758209 
11 303.117767 
12 296.550140 
13 298.694702 
14 295.069733 
15 300.205627 
16 290.160187 
17 286.915558 
18 280.576324 
19 281.805908 
20 281.855438 
21 279.386322 
22 277.368469 
23 275.936188 
24 275.014648 
25 273.153870 
26 274.702698 
27 275.138245 
28 268.496033 
29 271.657867 
30 267.742828 
31 271.289337 
32 266.095184 
33 266.541595 
34 262.958588 
35 266.435791 
36 261.786835 
37 270.022034 
38 272.409180 
39 263.176331 
40 269.260376 
41 264.980652 
42 261.196136 
43 263.593628 
44 258.257294 
45 249.017914 
46 255.080872 
47 256.442261 
48 252.904800 
49 247.181900 
50 255.579651 
51 294.902130 
52 287.786957 
53 305.402161 
54 316.536713 
55 306.578125 
56 298.902863 
57 301.940491 
58 316.184479 
59 270.000977 
60 285.331360 
61 301.324860 
62 271.633118 
63 298.424225 
64 300.624695 
65 295.389557 
66 294.982208 
67 291.933350 
68 299.056000 
69 284.219208 
70 293.437714 
71 291.935089 
72 297.086365 
73 288.354126 
74 294.758972 
75 301.499634 
76 297.271667 
77 305.719482 
78 292.945374 
79 294.588654 
80 306.407410 
81 284.926056 
82 275.608887 
83 275.218384 
84 266.420593 
85 280.510376 
86 276.313232 
87 275.249023 
88 280.493652 
89 287.898315 
90 297.579803 
91 273.141388 
92 287.544159 
93 284.610718 
94 285.739441 
95 260.765930 
96 291.015442 
97 290.828339 
98 270.098145 
99 288.739807 
