1 149.468185 
2 102.962730 
3 141.336807 
4 134.533432 
5 154.214859 
6 144.340408 
7 153.123978 
8 149.158569 
9 153.401764 
10 148.906021 
11 149.890518 
12 151.812302 
13 150.795654 
14 148.469147 
15 152.906723 
16 147.112717 
17 147.406281 
18 144.745056 
19 149.269669 
20 160.228271 
21 147.584076 
22 143.649109 
23 143.921173 
24 143.316483 
25 142.179520 
26 143.156509 
27 142.813049 
28 139.949753 
29 141.178818 
30 142.187958 
31 142.013351 
32 144.842453 
33 141.304398 
34 142.082275 
35 141.686371 
36 142.895981 
37 141.758316 
38 139.812531 
39 140.020721 
40 140.336136 
41 141.889084 
42 144.558136 
43 139.961609 
44 145.205338 
45 145.179352 
46 143.358093 
47 141.050171 
48 145.029007 
49 140.245377 
50 141.515671 
51 142.416046 
52 141.353363 
53 141.977341 
54 144.709839 
55 148.735550 
56 142.802139 
57 142.076340 
58 146.706223 
59 140.300568 
60 152.151962 
61 150.512451 
62 150.509995 
63 153.233368 
64 152.718430 
65 149.020187 
66 146.228043 
67 153.399139 
68 157.815643 
69 150.038742 
70 167.683243 
71 152.373520 
72 149.980515 
73 147.803207 
74 149.421600 
75 151.384933 
76 154.025024 
77 156.565582 
78 152.328598 
79 148.291199 
80 146.523376 
81 148.174530 
82 147.808670 
83 147.794952 
84 146.796799 
85 149.665619 
86 148.857407 
87 146.645874 
88 149.087311 
89 148.242599 
90 149.473770 
91 147.079605 
92 151.434692 
93 148.291977 
94 149.140305 
95 148.496429 
96 151.831070 
97 147.164825 
98 148.665604 
99 143.408951 
