-854.791755 
145.623846 
147.123312 
149.114449 
148.820396 
149.012074 
-852.221272 
147.130037 
155.219668 
148.599918 
151.200798 
148.037177 
-855.129951 
157.680052 
149.200192 
147.859317 
149.063165 
145.881136 
-852.044153 
149.241625 
147.135748 
147.905452 
148.015836 
149.568553 
-850.830028 
148.572442 
146.769151 
148.292259 
149.731194 
148.496185 
151.601516 
157.362606 
149.288091 
152.684902 
148.043399 
-849.475991 
151.046989 
148.955644 
156.575851 
148.019652 
148.936360 
-850.131926 
147.359851 
145.621171 
146.631328 
152.381717 
150.634223 
150.094760 
149.132386 
