143.359801 
-852.488403 
151.814919 
148.966389 
143.018148 
147.422533 
149.458289 
158.009396 
150.137465 
154.862272 
146.425900 
151.088178 
-851.290387 
154.990216 
147.878668 
144.278633 
151.450742 
152.450346 
-852.315090 
154.338130 
148.490468 
145.237403 
146.114316 
146.431115 
148.452762 
157.527853 
145.239578 
146.681655 
-860.180564 
143.654326 
150.443593 
144.111258 
148.911363 
-851.140883 
146.014635 
149.419117 
149.194455 
148.506033 
149.286450 
-854.185016 
146.353184 
151.482257 
146.642320 
150.221881 
-859.706295 
149.269453 
151.353041 
146.539122 
148.526274 
