149.856254 
144.962335 
155.276456 
152.464975 
151.067863 
147.458197 
-843.874599 
144.932776 
146.905010 
149.899299 
150.248464 
148.673415 
-852.039358 
151.965727 
152.594424 
142.247343 
149.630465 
149.891194 
-852.028291 
153.648500 
149.736918 
149.888808 
159.140028 
149.321359 
148.190168 
150.035774 
153.264244 
152.439905 
152.647608 
-851.202226 
146.645720 
151.408815 
146.294752 
152.331888 
146.196415 
-849.365561 
150.431712 
148.364427 
144.807765 
152.552014 
149.081110 
-850.708077 
152.561757 
155.370014 
145.623289 
147.300073 
148.881969 
149.350819 
151.702496 
