151.155535 
149.804755 
147.042407 
-847.822561 
147.844439 
154.356666 
150.037472 
154.375652 
147.875389 
-848.643375 
147.930552 
145.925551 
144.093430 
143.092837 
150.750387 
-843.031966 
147.656069 
143.735302 
147.057405 
152.746498 
150.559515 
-849.870972 
146.415648 
166.718670 
146.933622 
160.311525 
-840.398900 
154.338020 
153.866010 
148.599602 
157.462379 
149.332304 
-848.217257 
162.703528 
153.559250 
150.183853 
148.098414 
153.134251 
152.546140 
165.827975 
155.279746 
150.344052 
150.928416 
-843.358930 
161.461877 
166.191002 
146.706103 
143.214253 
155.919913 
