-854.683805 
149.128176 
158.456695 
153.927369 
156.797554 
-853.901998 
146.034007 
156.438805 
154.076198 
155.261693 
148.847092 
-852.487720 
148.814657 
154.317514 
153.138725 
150.983744 
151.424749 
-847.902483 
145.057753 
148.662699 
153.666635 
147.114584 
146.417211 
152.607899 
151.965233 
154.361023 
156.012219 
150.768684 
-848.462557 
152.610561 
147.876871 
150.877195 
150.751815 
147.700110 
-850.667988 
142.087555 
153.056191 
154.027773 
149.552521 
146.396160 
-849.894721 
143.982753 
155.893661 
150.447127 
151.934594 
-849.577801 
145.691245 
147.425277 
148.028967 
