152.984224 
151.558608 
-853.589189 
148.774210 
145.272063 
142.327919 
142.982979 
162.645168 
-856.863636 
146.657527 
146.107364 
145.198534 
148.060996 
146.058394 
-855.429561 
149.635047 
148.811174 
144.804423 
149.414196 
160.522828 
-854.805978 
148.993856 
146.837880 
146.400856 
155.802151 
-848.107890 
146.202142 
150.608036 
146.465576 
149.475446 
148.912036 
-849.267240 
149.796100 
146.053913 
145.101201 
148.035410 
149.398815 
-849.564214 
147.214539 
156.831270 
151.244450 
153.478441 
151.707774 
-851.686570 
141.707631 
141.160479 
145.458211 
140.063279 
-849.247445 
