152.491613 
147.581058 
144.611421 
150.148434 
148.712922 
-851.938951 
168.340317 
159.514324 
143.597631 
148.244346 
-849.541124 
160.396435 
159.581808 
164.611796 
149.384402 
154.065012 
-850.694430 
155.802823 
165.429146 
143.408857 
151.710842 
152.782094 
155.465207 
157.306458 
156.829693 
171.446919 
141.874323 
-845.971326 
150.925063 
147.170840 
147.247267 
161.435640 
154.055303 
147.167414 
152.282277 
164.365737 
148.460647 
146.597770 
-848.084125 
151.426195 
144.153032 
154.928368 
150.536807 
153.040418 
-850.797633 
146.302629 
149.263933 
152.742396 
149.551004 
