151.206936 
-858.296225 
148.153539 
149.812037 
139.538899 
156.108052 
145.516316 
-856.905191 
151.806912 
146.761914 
143.120707 
152.737061 
-848.858008 
148.631077 
142.090414 
146.080506 
147.846866 
158.224745 
-852.457063 
151.033996 
145.619548 
141.012024 
143.995319 
149.227755 
-855.446477 
147.514026 
139.187236 
146.854064 
141.367392 
150.147775 
-856.627907 
150.051742 
153.608407 
145.035218 
145.986049 
142.842734 
-849.761851 
142.647454 
146.037871 
140.808171 
147.415240 
149.013217 
-851.645941 
145.747146 
143.589275 
144.243598 
150.537609 
156.101675 
144.360748 
