150.371108 
145.775215 
149.539754 
153.457630 
-847.996293 
143.901586 
141.060423 
151.672932 
142.935041 
143.466159 
-854.297729 
163.098804 
146.059541 
147.574562 
153.537284 
153.336188 
-844.595460 
146.813501 
150.722614 
143.813749 
143.003011 
141.544758 
-852.294681 
147.138620 
159.064980 
139.445341 
141.981659 
147.973779 
-852.989177 
149.199531 
162.855563 
146.463577 
142.460955 
141.212356 
148.852748 
146.712249 
144.667840 
147.568218 
146.399861 
-858.956744 
145.586753 
149.000057 
144.527713 
142.573381 
142.114591 
-857.760994 
152.347341 
150.163389 
141.068923 
