144.703186 
147.628323 
-861.635785 
156.786812 
142.020852 
157.377965 
141.319734 
141.481670 
-853.059541 
147.372908 
140.404794 
141.743204 
142.135345 
149.497750 
-861.891405 
146.511628 
143.519857 
142.598553 
140.737430 
143.059205 
-855.038254 
152.452608 
148.068802 
142.954316 
141.055165 
141.683048 
-856.568860 
149.092781 
149.247989 
143.972900 
138.999924 
141.753375 
-863.858805 
145.583806 
149.882329 
139.941343 
145.551901 
145.705211 
-860.410532 
142.720756 
146.489586 
147.891271 
139.619547 
140.778432 
-864.266365 
142.257051 
143.925185 
149.999613 
136.021551 
