139.987289 
-855.314624 
147.913788 
142.778000 
148.734043 
155.522812 
146.356092 
-859.465868 
149.121486 
141.769556 
134.996058 
144.792338 
143.055801 
-858.293012 
147.166898 
147.973469 
143.068239 
150.386079 
144.158101 
138.948676 
147.919781 
143.849885 
141.815732 
141.063708 
150.234182 
152.890406 
143.878897 
155.477777 
150.039097 
158.334073 
-855.745800 
154.282556 
158.167836 
146.362889 
162.079443 
143.798004 
-850.586666 
146.113360 
142.515969 
159.294757 
137.015916 
147.136309 
-856.698882 
176.514076 
151.435461 
168.412642 
169.313941 
-848.680678 
154.650383 
