95.282931 
86.192839 
100.284182 
-887.042680 
94.669351 
103.275768 
109.043610 
97.526286 
95.938645 
98.141528 
92.332336 
-903.449127 
100.250536 
104.299119 
105.532425 
103.317413 
103.083875 
97.088954 
87.212117 
-899.194342 
103.416622 
97.993578 
90.296156 
87.200869 
97.641910 
109.971618 
99.864821 
93.340204 
-860.662377 
148.477856 
151.495418 
157.575933 
169.591699 
-843.329031 
99.971318 
95.328427 
95.331499 
92.232170 
97.508290 
97.428902 
97.327993 
-894.055113 
98.675201 
94.724611 
91.712319 
95.960635 
96.992808 
97.727218 
96.137718 
