154.270406 
164.079423 
158.888993 
162.351474 
-844.390707 
166.378472 
163.131256 
168.832690 
169.232191 
-823.627319 
158.137473 
168.740164 
154.836892 
153.099485 
-832.066200 
173.204667 
152.792941 
140.434583 
150.308481 
159.959940 
-832.965119 
168.363100 
167.204451 
178.047973 
159.947948 
-848.492468 
152.287030 
153.135711 
158.853288 
140.085388 
147.542435 
-851.360761 
152.276296 
144.010624 
150.727085 
143.995003 
143.988820 
-862.279740 
150.125707 
150.375980 
175.711594 
173.102055 
-816.222569 
204.217655 
172.272361 
164.622940 
168.478516 
-845.215335 
171.079339 
