190.171600 
172.256947 
154.579146 
-837.828277 
154.007680 
134.870754 
170.350407 
160.887523 
151.753219 
-863.494983 
146.841220 
136.643295 
141.256233 
150.151071 
139.172506 
-855.971574 
151.448634 
142.516424 
147.518991 
146.187107 
148.059004 
-857.037942 
150.956624 
145.510419 
135.044766 
139.883181 
143.982245 
-861.034940 
137.344720 
142.374487 
133.934999 
137.083701 
147.864689 
-850.285790 
146.133985 
137.553157 
143.022833 
143.143562 
158.357641 
144.430100 
140.802340 
154.778516 
148.480941 
144.088963 
-854.035900 
144.753504 
150.769788 
141.108663 
148.456240 
