133.307444 
-846.840870 
137.926442 
142.878182 
141.378634 
141.989603 
140.281260 
-853.933461 
144.179541 
144.699687 
147.761053 
147.590546 
164.759979 
-857.124881 
149.806910 
147.198363 
143.350376 
145.904178 
142.997829 
-850.096153 
148.013820 
142.088687 
133.896889 
138.615410 
145.411758 
-849.186201 
149.290361 
137.587126 
141.113016 
140.255111 
141.089502 
-854.963671 
152.184914 
140.586071 
135.666434 
142.063350 
141.058370 
-863.825469 
140.480413 
153.512134 
153.005825 
144.786824 
150.683502 
-859.379783 
135.957244 
142.028650 
143.822783 
144.306010 
136.098458 
