-862.548269 
141.682627 
137.347308 
148.351928 
141.627004 
147.921711 
-859.504683 
146.018191 
138.629911 
138.899874 
154.172565 
134.968880 
-857.623934 
145.135552 
158.754875 
154.242101 
142.505708 
141.400958 
-857.202900 
144.876378 
134.971009 
134.643131 
139.479722 
150.875128 
-863.890072 
147.839227 
137.023188 
133.138195 
152.381118 
145.443691 
-849.776030 
145.580462 
140.915617 
134.144056 
149.803807 
141.599877 
-863.489182 
163.067443 
151.513938 
139.584694 
148.575847 
144.533216 
-854.158107 
140.692406 
143.122155 
144.662337 
132.848244 
143.873603 
-856.473156 
