135.816766 
149.818902 
129.055710 
149.115505 
133.778210 
-851.821394 
145.439470 
137.547807 
137.461897 
143.448300 
146.920640 
-855.493893 
136.214002 
150.016827 
144.604493 
154.431071 
140.651566 
-859.427067 
138.085864 
133.324626 
143.830521 
142.040911 
138.457426 
-863.663234 
135.389087 
141.202378 
140.939120 
140.037050 
132.522605 
-856.057140 
148.816885 
149.627756 
146.376068 
146.178168 
164.416991 
-849.550095 
137.514506 
143.296874 
144.422305 
148.939539 
153.903937 
-851.011873 
144.340215 
149.588669 
137.996875 
139.967805 
160.963802 
-864.159473 
139.474042 
