138.728784 
143.852553 
149.439307 
141.416796 
-854.905945 
149.301635 
145.965779 
132.230345 
138.999031 
137.072061 
-861.926978 
134.991473 
147.656092 
145.037850 
145.187351 
146.607239 
-866.407817 
135.996644 
137.550179 
151.371366 
148.635952 
144.325981 
-865.561350 
138.291340 
140.297433 
138.621196 
159.753013 
141.366569 
-856.721808 
137.727078 
142.988832 
130.468216 
132.662586 
141.784478 
-859.423068 
144.305037 
152.883786 
143.766995 
137.708254 
138.659737 
-848.386358 
149.490537 
143.149030 
145.598608 
143.052273 
139.759865 
-858.061782 
138.090735 
134.568563 
