146.268984 
132.659698 
132.750931 
-864.007293 
145.027663 
139.451130 
141.247635 
141.631464 
141.722711 
-859.132047 
144.860405 
140.104047 
151.392669 
140.947293 
142.939183 
-859.522551 
139.082476 
142.435267 
154.618936 
150.178280 
146.392377 
-851.729123 
133.614226 
135.045791 
140.743668 
160.945742 
146.037973 
-855.562170 
138.280589 
135.252917 
137.507135 
145.665035 
142.272656 
-860.077918 
126.671407 
144.605790 
155.706922 
145.667325 
149.643305 
-849.005502 
143.405309 
149.254210 
143.645529 
152.697498 
144.052823 
-853.485404 
140.336112 
142.434385 
142.219233 
