134.564636 
150.090526 
-862.217540 
143.057862 
141.242567 
151.680652 
155.585091 
164.351233 
-866.933784 
153.518694 
143.834768 
149.426605 
149.446879 
144.458889 
-858.611363 
136.848687 
147.604113 
135.325235 
131.404071 
158.020316 
-853.108686 
140.452852 
149.765423 
129.547945 
148.377945 
126.712539 
131.428024 
137.740072 
129.309390 
146.467106 
129.669920 
-854.413077 
140.271774 
142.016543 
155.260602 
146.405468 
137.567612 
-871.341283 
131.770874 
139.612277 
155.907328 
140.236180 
149.744785 
-857.750677 
134.441389 
142.649162 
145.991573 
137.338631 
139.002378 
