-850.018206 
139.373024 
134.414330 
143.667423 
148.149729 
133.198888 
-874.623672 
128.133316 
156.120454 
146.162031 
138.195122 
143.779983 
-855.119398 
144.539245 
143.881906 
137.080039 
128.774339 
146.638392 
144.295587 
139.613627 
133.087539 
136.861823 
135.106297 
136.932320 
139.689482 
-858.099718 
150.388225 
129.560985 
145.094869 
136.947686 
139.276831 
-845.988834 
141.534271 
150.987575 
138.846151 
125.599798 
140.934099 
-853.220835 
135.787768 
149.420141 
138.695341 
135.765687 
134.426278 
-866.340150 
136.656650 
141.801073 
146.853683 
156.520309 
125.097660 
