-842.598180 
137.466235 
139.690504 
136.898308 
145.288886 
143.816130 
-856.977505 
144.542182 
142.680819 
149.444623 
137.010438 
143.935313 
-854.307271 
128.859896 
123.556326 
136.900032 
135.631294 
144.192368 
-850.195439 
146.384919 
150.320564 
128.793705 
139.545014 
138.195382 
-861.313479 
129.477130 
153.261003 
138.825298 
151.093317 
161.885651 
-860.943771 
145.273237 
148.751198 
137.854159 
148.514418 
144.812059 
-874.240702 
140.185336 
138.548682 
136.332293 
147.405507 
136.154448 
-847.743487 
129.720334 
136.342824 
150.183463 
139.558908 
142.050656 
138.948313 
