-850.046259 
137.361211 
138.371386 
141.925979 
144.941739 
145.441338 
-871.100475 
154.106985 
140.450294 
128.928964 
145.912129 
139.358703 
-866.078361 
135.559608 
148.045106 
130.427313 
149.460651 
145.592526 
-853.085954 
143.371287 
154.483533 
134.376781 
144.008591 
124.063757 
-852.950840 
151.729738 
148.042958 
141.199186 
138.898507 
138.511060 
-864.904094 
134.324664 
140.154410 
148.176472 
137.683764 
138.453604 
-856.864433 
122.746805 
143.262264 
144.043495 
148.022802 
144.299447 
-855.581928 
132.799277 
140.515133 
143.390178 
144.586809 
146.443770 
-862.654401 
