136.627235 
144.083479 
149.231434 
148.813931 
149.630907 
144.144397 
132.425309 
139.093507 
132.282462 
137.867723 
142.942071 
154.651272 
-863.589527 
142.946660 
132.717955 
128.241724 
143.484477 
140.428899 
-835.841243 
136.619738 
140.389970 
139.686358 
130.700550 
142.407779 
-851.708309 
151.242256 
137.896374 
147.894608 
143.538230 
139.929490 
-860.369917 
154.269668 
162.922413 
142.945504 
145.846610 
132.825075 
-857.079752 
143.546022 
141.432856 
130.022346 
136.221115 
139.900430 
-856.843204 
160.641276 
143.248401 
142.584623 
133.735137 
151.834217 
-850.612196 
