142.757136 
133.545734 
159.066864 
130.838247 
140.344631 
-856.331686 
146.585632 
133.809477 
144.940787 
153.038734 
141.177971 
-849.425987 
129.680468 
150.518221 
132.898372 
152.185137 
146.023813 
-864.833977 
145.179517 
150.871410 
131.958968 
148.318395 
146.060345 
-853.015655 
143.183507 
146.223019 
133.405010 
140.335350 
148.712180 
-854.145252 
145.672899 
146.766507 
145.921764 
135.456063 
148.231578 
131.737795 
142.618304 
144.075359 
141.228697 
138.360297 
134.705908 
-861.567148 
141.437982 
138.822686 
140.368122 
146.918179 
136.914234 
-867.528220 
133.666310 
