136.389244 
145.405587 
171.026767 
-872.185147 
149.209980 
166.495307 
135.686099 
141.789585 
143.923198 
-861.500070 
145.250326 
141.901940 
140.549896 
145.151886 
152.316257 
-854.112350 
143.423183 
124.096945 
146.385456 
151.185377 
146.477822 
-857.632631 
160.910436 
140.231104 
136.056851 
146.228878 
138.460729 
-857.340215 
133.575190 
142.687796 
153.608667 
144.159581 
142.916910 
-853.297432 
154.787624 
145.269870 
149.541673 
138.576181 
142.666309 
-855.807038 
136.742080 
142.150789 
145.331554 
140.713326 
142.529095 
-853.413881 
141.016996 
144.626389 
149.086508 
