141.518133 
139.228113 
-845.967259 
148.354557 
144.659450 
139.815960 
141.149392 
143.534259 
-854.341576 
145.274353 
144.100881 
134.691055 
150.567284 
139.212079 
-861.261835 
148.212192 
132.663442 
143.181556 
139.363794 
137.158149 
-852.860722 
136.387015 
148.614478 
148.907507 
130.726784 
140.175073 
-855.888219 
140.587539 
130.307588 
157.155051 
131.989641 
118.857594 
-864.610660 
137.279365 
122.447539 
122.350550 
143.303182 
152.631865 
-845.622637 
138.009707 
147.847786 
138.141448 
162.522054 
140.940627 
-833.732094 
131.893009 
133.739992 
170.922080 
155.058631 
