139.360873 
-848.397284 
149.666487 
144.676137 
153.653362 
147.569844 
155.729011 
-859.056227 
124.656698 
135.021176 
153.609541 
142.032725 
153.960337 
-855.262591 
139.986840 
165.375327 
132.560193 
141.919905 
137.265244 
-845.558637 
144.943763 
134.676504 
145.765525 
149.830593 
150.352324 
-857.799506 
133.711424 
144.472313 
151.715181 
138.831191 
139.424639 
-868.619176 
147.777232 
125.832218 
144.904716 
144.577125 
158.307102 
-865.361401 
130.371508 
135.588045 
141.516451 
131.879482 
130.623450 
-877.801945 
135.981830 
148.050647 
129.119061 
134.404920 
135.672141 
