-847.369357 
141.468451 
125.821313 
154.897986 
139.098035 
140.706312 
-850.134105 
148.434621 
148.950241 
148.817241 
142.635963 
143.970648 
-848.397070 
142.253174 
152.679780 
137.013181 
124.241088 
142.839308 
-868.373187 
148.793857 
142.748002 
143.722104 
150.276085 
149.404327 
-863.495692 
126.937743 
150.700392 
153.011451 
134.358902 
151.894720 
-860.632689 
147.980954 
148.304382 
141.435997 
131.079472 
134.657397 
-847.541904 
134.377355 
145.486495 
135.661487 
137.479521 
134.866027 
-852.081064 
134.474445 
140.969060 
136.504022 
133.678943 
144.134825 
142.375711 
