148.149883 
163.279031 
140.990200 
140.925182 
141.130276 
-873.074226 
123.475408 
123.388196 
147.508253 
136.155593 
153.602698 
-867.101605 
145.370881 
136.834154 
152.456070 
162.620034 
152.388272 
-832.324194 
143.275753 
136.515635 
137.988455 
150.643893 
140.907939 
-861.019309 
142.867038 
142.224786 
137.162986 
138.080585 
127.686360 
-857.388629 
142.788326 
141.442490 
143.702935 
126.159222 
132.201634 
-855.929854 
144.642669 
141.308280 
135.788692 
141.277012 
128.826669 
137.319466 
149.865412 
139.931979 
148.967540 
149.148351 
180.037506 
-857.491214 
152.596177 
