152.041003 
155.271037 
145.987674 
118.221399 
-867.219957 
146.767691 
130.073424 
148.496492 
144.305382 
143.189061 
-846.758963 
145.368160 
137.431349 
138.374229 
131.853300 
141.177520 
-855.716463 
150.263934 
150.877629 
140.675209 
124.524062 
147.036401 
-855.782535 
146.364807 
152.959404 
151.168545 
137.796101 
141.934548 
-862.090877 
134.095507 
141.507380 
149.716118 
133.824613 
124.466773 
-862.166143 
147.329155 
152.940412 
135.366849 
147.944238 
140.918159 
-853.896094 
124.794544 
129.671631 
138.046718 
140.284413 
159.366943 
138.670581 
135.141618 
157.605635 
