146.979467 
148.714817 
131.728796 
-847.457978 
142.721989 
124.271715 
144.625146 
149.594979 
133.647789 
-847.925591 
147.261890 
148.197145 
125.966232 
132.270575 
145.483914 
125.128992 
132.145099 
133.809853 
152.447715 
141.650190 
125.976028 
-856.168050 
155.388423 
139.661781 
157.321856 
122.807554 
142.295222 
-850.268811 
145.964995 
132.143599 
138.992863 
129.703813 
134.690751 
-853.069231 
142.841571 
138.807828 
139.843832 
159.554201 
128.038868 
-835.637110 
142.108632 
128.980605 
129.838597 
141.422003 
142.184072 
-877.311233 
152.627366 
155.830931 
138.454884 
