129.576157 
151.659564 
-868.220157 
141.654770 
134.025825 
120.074585 
134.921244 
123.634242 
147.734998 
-850.720216 
148.492574 
145.296964 
142.450592 
141.791421 
147.551450 
-866.104870 
134.205413 
135.294234 
133.626661 
146.424777 
161.859834 
-876.210811 
126.283973 
144.912494 
145.999384 
143.087355 
144.528265 
-854.081253 
138.128763 
149.101076 
142.355761 
145.610162 
155.283996 
-846.786539 
131.273330 
145.543135 
138.938392 
132.280519 
143.411513 
-847.387802 
123.320255 
125.260242 
147.138994 
142.115439 
146.175764 
-868.521625 
144.452195 
125.967086 
139.406202 
