132.130990 
132.808326 
140.621973 
132.548909 
134.800211 
133.886572 
137.520269 
132.178865 
129.319723 
130.670677 
133.714742 
131.972586 
-861.799483 
145.951580 
132.561650 
131.336343 
129.355472 
131.667253 
-869.690704 
137.465128 
131.871640 
131.296338 
132.985227 
132.321625 
127.994392 
-868.154562 
141.019285 
137.503373 
135.701347 
137.734322 
134.835507 
-866.033405 
136.422181 
140.748249 
144.728377 
134.783921 
133.541481 
-868.533494 
132.109935 
132.415268 
132.488297 
131.680279 
132.517026 
132.506559 
134.698701 
135.882969 
134.500791 
130.828445 
145.844703 
