133.546891 
126.481966 
-853.780840 
151.296247 
128.941554 
136.598564 
119.175339 
143.847287 
151.196205 
149.279159 
138.219386 
137.250272 
138.177070 
141.217571 
123.545797 
139.881228 
142.892395 
149.327099 
151.555464 
135.039727 
144.745189 
144.923859 
146.993700 
145.344154 
142.751920 
131.516324 
131.374771 
-851.920573 
135.819077 
138.972487 
116.956289 
148.067274 
140.047099 
-843.202001 
150.886054 
144.662932 
141.516845 
135.241747 
144.594403 
-862.834209 
142.971506 
136.510045 
140.560159 
145.227429 
144.154723 
-853.361056 
147.100452 
149.050692 
147.331348 
