136.217165 
139.343484 
-852.965164 
134.977442 
144.012723 
136.346526 
144.359799 
152.168576 
-858.977107 
142.629486 
127.179286 
121.888248 
154.515011 
129.558626 
-842.021300 
139.928463 
123.272571 
140.494727 
138.759070 
158.407736 
-852.349582 
138.389262 
144.646463 
153.039887 
127.738697 
140.951220 
-842.971298 
141.464131 
139.203316 
141.368659 
134.673939 
137.124433 
-857.534323 
151.661441 
149.342960 
141.293175 
148.775484 
128.512606 
-874.331811 
140.280183 
131.643080 
137.757790 
175.884049 
-881.735237 
142.718356 
147.513377 
168.998387 
150.318319 
140.094616 
