-864.119532 
138.427086 
148.574281 
146.793936 
150.150580 
128.647917 
-852.336130 
134.258950 
146.223910 
147.342246 
141.748738 
146.266735 
-856.384908 
153.665098 
152.177934 
143.904090 
151.241299 
143.246789 
-871.475164 
140.642357 
147.794406 
153.017065 
139.397725 
145.432639 
-849.035005 
151.408274 
139.751398 
140.614772 
144.213265 
144.985709 
-858.609904 
141.191175 
135.986140 
139.142990 
145.468154 
145.041614 
-858.063277 
159.195862 
135.451003 
141.150937 
143.189814 
149.894353 
-851.388196 
152.367772 
163.390752 
129.445831 
143.460360 
138.021234 
-862.488723 
