137.622361 
143.536457 
140.503276 
140.873033 
145.887762 
143.002936 
149.543590 
140.032728 
138.864502 
141.309722 
-854.214309 
145.015203 
146.540083 
140.769036 
151.400200 
125.579707 
119.475071 
140.356704 
131.877473 
154.590069 
146.053539 
138.302852 
151.285473 
128.129141 
141.813930 
145.722138 
155.848636 
141.471313 
148.119518 
128.799945 
138.102329 
116.471626 
145.932832 
147.956918 
152.397472 
-845.567274 
142.455951 
131.357894 
116.627574 
134.865893 
143.011710 
-856.145365 
138.826927 
118.276991 
146.209373 
131.357408 
144.975027 
-868.681040 
147.120133 
