152.086057 
140.110283 
146.089291 
144.815704 
-850.257144 
144.506646 
146.638610 
156.769259 
114.356781 
142.064746 
-880.025370 
150.371021 
147.072649 
153.155584 
132.800815 
176.485443 
-871.073881 
149.473703 
145.582504 
153.177583 
153.258487 
144.392397 
-862.407139 
142.638413 
147.918663 
144.763065 
142.127454 
145.028662 
-869.770846 
143.587601 
153.286619 
142.678702 
131.607260 
-879.112624 
143.235181 
150.063104 
151.501690 
123.096495 
144.072448 
-858.617581 
143.839698 
139.896587 
150.288975 
144.100598 
154.056251 
-874.099367 
135.955598 
144.318617 
142.149942 
