154.264733 
126.903149 
143.119364 
144.071886 
147.735795 
156.376348 
140.573214 
149.277232 
-850.169509 
143.507345 
137.833124 
156.435810 
154.870100 
152.323128 
-857.403137 
132.804788 
166.625495 
135.986007 
143.816827 
149.562697 
-865.904004 
143.870850 
136.107565 
148.871614 
150.636506 
150.318795 
-842.592735 
145.663987 
135.920823 
143.315899 
127.667282 
153.702988 
-852.324557 
159.139029 
152.162463 
132.615467 
144.738690 
154.270275 
-864.767240 
148.183552 
138.489807 
134.319555 
145.350621 
134.149327 
-848.821272 
145.217430 
147.620157 
142.122918 
146.989575 
