118.815400 
-850.130603 
135.123674 
150.232373 
152.263071 
134.335028 
153.577106 
-833.221896 
149.692189 
144.621807 
145.122858 
125.766820 
144.151284 
-858.877276 
140.138716 
151.002605 
133.562732 
142.603792 
139.535457 
-853.811414 
137.006162 
148.127526 
145.944856 
143.094670 
144.737657 
-858.772336 
140.177285 
124.218611 
147.215821 
149.134627 
-859.804462 
147.581880 
141.123717 
139.063841 
168.458209 
136.668100 
148.721932 
147.227079 
134.143568 
156.537400 
141.167915 
-850.440835 
124.254279 
177.360063 
148.069633 
148.407609 
138.258630 
-854.826421 
140.436684 
