139.273592 
151.880979 
118.460844 
151.291025 
-857.130227 
167.378829 
147.280030 
135.010018 
142.378009 
146.971655 
-859.556108 
146.340175 
157.715191 
140.407126 
147.517618 
141.196785 
-864.016126 
121.301054 
126.261601 
121.051315 
133.143947 
152.174946 
131.864724 
132.056010 
145.855887 
129.819782 
152.552039 
142.850342 
142.370914 
-851.386142 
120.895493 
141.453799 
138.700941 
158.476714 
147.029686 
-858.936273 
139.109281 
141.537050 
122.244441 
149.660630 
144.119253 
-854.767831 
137.490728 
142.071357 
141.359394 
145.723117 
153.085415 
-869.936334 
136.745265 
