145.172401 
117.784547 
142.202697 
150.311712 
-851.456015 
135.293720 
150.099925 
132.244552 
156.904065 
146.519341 
-860.915439 
161.778840 
143.273632 
139.429842 
144.380317 
149.427288 
145.145821 
155.830604 
154.608234 
153.885925 
139.717941 
-852.005747 
153.565121 
152.098771 
134.973588 
161.506935 
147.255911 
-844.959587 
117.992887 
146.450553 
143.044664 
138.860846 
144.443643 
-851.257972 
143.581671 
152.783473 
166.720397 
142.089775 
121.911778 
-856.029719 
144.526462 
145.626629 
134.385603 
142.823770 
149.316170 
-846.085077 
154.494380 
144.340380 
144.413932 
