135.238482 
154.787352 
-851.611187 
153.493276 
140.961445 
119.155416 
157.470314 
138.433207 
-857.391574 
135.107763 
150.670778 
122.583637 
115.634795 
122.345084 
-863.692884 
150.063182 
153.667245 
142.925004 
141.200671 
164.448992 
-849.590339 
153.904087 
140.185087 
138.835550 
137.155990 
119.949099 
-869.177082 
144.036514 
152.347003 
144.243793 
140.207760 
129.002380 
-879.666691 
141.622004 
145.100477 
127.675146 
141.601424 
139.625422 
-843.513293 
148.479959 
126.230568 
115.259670 
149.439861 
148.001434 
-853.956822 
138.699850 
149.837360 
133.870500 
146.562636 
