155.834731 
-848.327905 
158.891518 
156.282734 
163.582041 
171.448099 
-858.023807 
154.786439 
158.812987 
153.426293 
152.587105 
160.861487 
-846.819016 
147.712166 
150.653563 
154.823495 
157.215146 
-849.606342 
153.595513 
158.104136 
153.960235 
154.465974 
154.044292 
-846.414658 
151.773440 
155.464944 
155.022760 
152.128244 
149.817603 
-842.883538 
150.458577 
150.289569 
157.176388 
153.996461 
-842.969204 
157.420466 
149.478709 
146.145157 
152.167249 
153.022414 
-845.483568 
154.563857 
150.642341 
152.616153 
152.680657 
146.583799 
157.082671 
143.635470 
159.554268 
