138.387869 
135.254456 
136.382559 
130.661963 
140.929841 
157.031010 
134.062959 
150.630242 
144.543053 
147.903828 
152.331821 
134.500569 
149.666586 
133.868701 
148.914352 
155.209212 
140.046910 
145.038147 
156.960257 
-851.888152 
149.364606 
116.785988 
143.265395 
134.094701 
151.826125 
115.469916 
136.867418 
142.870158 
138.320096 
147.056881 
158.171922 
152.468629 
133.847695 
147.728420 
122.751082 
142.135934 
143.658250 
142.001356 
-855.493693 
124.796865 
139.543076 
147.084870 
147.821577 
-844.864698 
147.670255 
147.420575 
130.668778 
161.137108 
112.569574 
