-863.427749 
162.475089 
154.051717 
137.503347 
144.808199 
149.986439 
-855.923527 
135.194852 
142.634256 
155.307107 
144.633670 
131.740660 
-859.356167 
129.533566 
138.089819 
147.716070 
136.263859 
146.406852 
-853.946838 
138.623411 
154.731849 
134.689708 
151.227988 
137.684154 
-859.838360 
146.242639 
155.162235 
143.495783 
144.753234 
151.889443 
-861.170924 
143.437336 
137.116173 
150.140187 
151.771733 
139.298944 
-859.542902 
133.031885 
157.716784 
122.682568 
150.174216 
140.377844 
-850.801847 
148.133614 
135.580381 
140.933838 
119.177267 
132.829722 
121.808757 
