120.276307 
146.538037 
131.443955 
138.715858 
140.079005 
116.532009 
-858.118911 
155.033979 
136.359859 
135.192691 
139.976741 
138.345548 
-862.657527 
136.555013 
155.432693 
132.680488 
149.684192 
144.692256 
-862.305169 
118.434743 
137.429955 
153.264359 
145.317034 
146.181509 
-874.304144 
150.425110 
146.341506 
144.761790 
143.421265 
137.712378 
-864.218227 
148.998124 
156.099070 
139.232704 
145.066734 
151.506452 
-850.872394 
136.627355 
141.488763 
144.753166 
142.667925 
149.677713 
-857.677019 
148.211425 
140.423084 
145.717309 
144.519546 
119.670851 
-858.347011 
