142.922229 
143.360104 
139.576910 
156.290775 
115.024162 
-854.631726 
149.573237 
149.946664 
126.392686 
145.260899 
157.200088 
-876.409594 
139.998898 
153.988157 
137.364975 
134.401261 
149.677498 
-832.379969 
151.124231 
134.143135 
156.524295 
126.313771 
135.851913 
-850.463463 
152.354805 
135.080360 
138.753229 
144.154054 
151.396390 
-851.538664 
123.947226 
144.730510 
143.200038 
137.412682 
143.971459 
-848.081512 
131.255732 
147.738922 
138.240706 
148.475692 
150.383876 
-850.753110 
128.914125 
130.104395 
151.087059 
146.686908 
134.105172 
-863.900234 
154.142150 
