117.077127 
139.678545 
119.890481 
180.657308 
-866.751581 
151.077833 
147.740381 
164.013124 
141.808196 
146.273442 
-857.220959 
120.887564 
138.428406 
148.014588 
166.228797 
151.298706 
-852.573211 
151.181672 
153.090731 
156.980723 
153.771633 
-863.221911 
146.837966 
155.374075 
136.925659 
143.674927 
113.910266 
-847.019758 
134.133860 
151.365654 
128.355752 
159.588049 
146.726439 
148.403604 
125.197217 
118.173839 
132.165035 
152.086437 
162.304228 
-841.666932 
159.772252 
157.301104 
144.938125 
151.233091 
-866.981272 
141.437111 
119.248948 
150.375551 
150.184160 
