141.710800 
-864.757052 
153.008292 
162.763158 
168.617896 
128.827317 
149.487614 
-848.704655 
155.162134 
151.201259 
149.355220 
141.894531 
149.622141 
127.109042 
147.345042 
148.835355 
157.629815 
149.341431 
-848.907486 
149.602734 
150.934058 
152.185497 
152.472197 
139.393576 
-857.990356 
148.116620 
146.254025 
159.173288 
151.488664 
140.730323 
-857.826965 
152.454133 
158.263953 
148.697988 
159.202416 
-847.539975 
141.550288 
138.784155 
140.159742 
161.178882 
134.790085 
-823.057181 
145.505058 
149.495892 
138.554579 
152.529667 
152.390198 
-851.050478 
152.338469 
