144.916398 
159.295074 
118.797205 
145.914511 
-853.481345 
145.739508 
139.789670 
146.380019 
134.026420 
-857.502167 
143.839017 
117.313484 
115.632390 
147.131308 
146.792061 
149.010801 
143.083514 
147.897198 
135.470553 
151.536118 
167.738152 
-840.253761 
134.320066 
139.944367 
154.965316 
145.120752 
136.103402 
-849.520418 
138.593036 
117.885933 
125.161153 
140.470577 
137.356137 
-836.101705 
155.836429 
170.203096 
148.296667 
138.827349 
147.409626 
-870.800407 
153.427264 
153.135232 
141.056271 
143.205148 
142.695929 
-854.650756 
155.213304 
152.011322 
126.148291 
