131.596728 
132.633465 
-883.534340 
148.856300 
120.121390 
143.191887 
136.061406 
139.960369 
-859.473667 
144.224907 
147.010473 
142.829063 
140.440443 
145.189131 
-857.381784 
148.466034 
142.131279 
150.074889 
144.981779 
141.707069 
-854.392299 
144.830453 
152.678349 
155.252156 
147.855835 
136.374165 
-853.069371 
114.842192 
149.419499 
112.259601 
146.366103 
131.129735 
-853.092657 
150.038460 
150.365996 
142.936457 
131.141791 
153.733010 
-863.558106 
152.629667 
167.606068 
138.341877 
121.250019 
151.681876 
-849.886953 
135.483993 
121.012488 
162.978730 
155.445498 
