156.739130 
-861.177099 
146.972708 
145.227782 
136.024197 
142.939526 
145.365002 
-870.254987 
148.920391 
151.255605 
136.898928 
153.303177 
146.354267 
149.176897 
158.560563 
137.636698 
145.385200 
145.922979 
120.520990 
131.403187 
148.305834 
145.043374 
146.383449 
155.213293 
-850.433905 
147.367728 
155.876592 
147.165100 
146.567558 
147.114798 
-853.570084 
149.624734 
151.431342 
143.671056 
155.558171 
152.037880 
-864.287786 
142.999881 
147.987705 
152.700365 
162.876312 
162.510386 
117.296655 
122.540021 
150.908703 
146.439748 
154.323618 
154.270154 
150.251328 
