146.510865 
146.398120 
127.449345 
148.872631 
-832.570219 
149.696974 
126.734382 
152.764890 
136.714394 
121.142559 
-862.889040 
141.679013 
133.441403 
119.624326 
117.298224 
155.711470 
145.231476 
-850.539545 
119.647964 
139.566312 
143.744061 
145.296654 
139.344963 
-855.757563 
154.574488 
142.717727 
148.239994 
150.033107 
125.961975 
-843.467264 
163.037295 
136.547176 
116.800481 
139.700820 
137.865945 
-851.093073 
119.249299 
149.130882 
139.185264 
147.479550 
147.302810 
-833.196475 
158.898523 
130.848883 
153.036803 
156.331032 
143.679396 
137.900626 
137.232622 
