143.343941 
137.558678 
-854.807891 
143.002453 
147.602157 
145.375729 
141.333220 
145.510082 
-857.222526 
146.226530 
146.253449 
142.730975 
142.008329 
141.553068 
-855.255123 
141.414669 
145.815889 
143.630902 
139.586500 
142.287308 
-856.359703 
143.504571 
139.081465 
155.556928 
140.870767 
146.021955 
-858.288893 
144.591779 
143.192546 
148.798964 
149.350040 
154.644593 
-854.542484 
143.924957 
147.909337 
144.124934 
148.048065 
143.070097 
-857.086985 
140.373680 
134.909590 
144.976609 
152.783958 
142.218088 
-853.326536 
141.632718 
145.461845 
143.775859 
143.898953 
