152.333908 
151.745733 
143.943708 
119.441174 
146.233500 
164.012055 
159.540328 
156.294008 
144.589826 
-850.380375 
147.988092 
141.847793 
123.169175 
148.127140 
141.204687 
-850.409472 
159.882260 
139.662689 
183.452810 
153.427163 
154.942272 
-832.564105 
155.204844 
161.193051 
177.291315 
179.140833 
-833.359690 
148.705657 
156.109177 
172.832103 
154.568722 
-845.271871 
135.506436 
141.212540 
143.663558 
136.816951 
174.496766 
-837.725455 
152.857491 
151.175751 
158.124996 
147.964835 
156.429753 
-858.109823 
166.367474 
151.568652 
147.185496 
155.579799 
134.548532 
