158.652907 
153.804642 
142.607986 
145.850135 
165.542884 
-841.769733 
158.868924 
176.334688 
151.300713 
187.101587 
-801.654936 
178.954460 
163.872845 
145.257306 
142.596021 
-859.025323 
133.891605 
149.095274 
136.567460 
151.238052 
149.021729 
-849.114123 
147.932633 
146.368378 
153.338904 
148.629257 
142.479404 
-854.212126 
145.419226 
138.939290 
136.045651 
145.104681 
148.984217 
-855.723530 
137.120777 
142.187582 
151.765815 
152.840802 
146.355248 
-857.017683 
154.184879 
149.089524 
112.063540 
151.215837 
148.675665 
-858.736952 
168.257345 
154.513080 
158.939357 
