142.995248 
155.185640 
-851.644267 
145.728775 
152.628424 
148.917400 
139.423322 
150.038703 
146.491688 
147.910298 
151.829614 
159.485210 
123.560833 
-857.327876 
144.177574 
147.128184 
148.017292 
148.251946 
154.679562 
-841.518254 
156.928228 
151.728376 
148.270400 
143.051473 
141.800774 
-842.915516 
143.886157 
153.223303 
162.152637 
153.277397 
-845.995151 
151.590921 
173.615170 
167.937490 
142.813822 
137.938129 
-849.267298 
170.231088 
143.529102 
161.068333 
144.522165 
131.146022 
-882.176683 
162.176023 
138.163224 
157.596049 
171.282564 
159.464829 
147.576218 
