152.974068 
148.027361 
153.108878 
151.157032 
-853.568215 
144.364761 
195.393197 
155.397800 
152.561913 
143.416463 
-879.383240 
152.257568 
146.054189 
147.031300 
145.413735 
146.405632 
-851.196042 
142.789714 
135.337529 
140.177834 
137.849602 
144.076072 
-850.778203 
146.903480 
153.136564 
183.873379 
166.330597 
-838.181729 
166.896445 
159.440178 
153.024735 
144.774328 
145.486135 
-840.995058 
154.810796 
160.027877 
162.018441 
158.313552 
151.299880 
126.582698 
150.588371 
183.665574 
158.369449 
152.251639 
-822.036221 
171.226246 
158.284830 
150.710734 
143.991865 
