157.804191 
151.669979 
140.419217 
153.409189 
165.725569 
179.834605 
-801.557411 
153.282887 
151.977067 
146.676548 
132.451797 
143.701695 
-835.798810 
146.708701 
144.530142 
140.151967 
144.684439 
134.875562 
-850.842623 
145.422702 
149.782566 
153.510500 
141.944891 
145.085782 
152.084366 
158.256797 
150.183605 
160.264269 
173.103988 
-829.800720 
130.155375 
159.224180 
159.971522 
156.935243 
148.716044 
-830.085830 
196.622190 
155.677678 
161.185924 
169.104863 
-832.154401 
164.521466 
163.159031 
144.288828 
147.685905 
-847.222629 
149.136849 
108.386745 
181.859169 
