153.378673 
140.541995 
-854.913277 
149.172204 
135.366063 
148.158754 
156.996773 
146.714608 
-850.564166 
144.359244 
141.016487 
154.635467 
166.394375 
151.379580 
-834.695750 
119.617261 
134.023221 
154.155947 
154.549102 
132.064318 
-883.750532 
147.135433 
147.261502 
143.156679 
149.891478 
149.645774 
-856.819931 
143.998443 
147.107182 
164.765184 
163.065369 
154.775820 
162.527973 
166.541240 
154.330555 
160.735534 
151.570622 
-839.273253 
132.175366 
156.305012 
143.970099 
149.430254 
174.235419 
-844.612040 
135.281380 
165.261210 
130.939793 
142.233806 
139.983036 
