-851.589421 
151.669948 
134.128099 
145.667351 
153.950458 
163.596905 
129.730458 
141.116290 
130.537114 
114.446283 
132.410360 
150.135453 
-849.068220 
130.359024 
145.295586 
133.268306 
115.010444 
136.272614 
-846.575921 
150.239562 
176.695414 
164.578452 
157.298143 
167.247367 
128.809142 
152.066726 
145.692983 
-828.348996 
157.874813 
146.302907 
132.173544 
156.105961 
149.106227 
-852.417707 
146.237468 
154.549146 
136.863062 
151.801843 
149.158894 
154.112242 
146.518001 
150.691445 
127.948976 
141.971749 
-848.299527 
162.253183 
162.134496 
163.043203 
148.736368 
