154.790570 
-838.323640 
149.517935 
165.094601 
128.615421 
153.278896 
155.251551 
-852.849632 
154.573884 
113.952069 
154.312445 
143.785717 
147.186078 
-846.507481 
148.937274 
141.311297 
176.287280 
152.459510 
-837.855696 
157.593178 
161.703703 
160.234836 
157.765939 
150.512397 
156.116059 
148.861996 
162.600009 
144.872516 
143.973905 
-843.156438 
128.736409 
152.901040 
150.323635 
127.766487 
156.305265 
-854.830001 
155.613577 
157.274275 
144.887575 
165.815688 
156.603565 
193.314865 
156.176356 
161.783496 
174.908500 
-836.099392 
159.893118 
164.879902 
151.990352 
