153.792635 
156.380093 
162.571260 
171.166174 
164.649721 
160.761448 
155.433229 
154.829161 
138.708340 
164.952125 
214.821911 
174.285905 
-818.641140 
162.919673 
171.025926 
164.785358 
140.318436 
-840.907776 
168.685253 
168.321911 
161.793280 
161.008005 
-846.100117 
165.122075 
165.014583 
137.987388 
152.438873 
150.739006 
-848.000654 
154.302868 
163.916358 
149.290892 
149.088907 
150.278547 
-853.868401 
147.594243 
152.410785 
135.372751 
162.911514 
-843.686813 
143.516163 
131.269700 
152.130507 
155.678519 
163.835085 
-847.475751 
159.973420 
161.800162 
152.374913 
