164.696079 
152.929121 
-856.917797 
118.318615 
133.858470 
136.653312 
151.578333 
121.802384 
-855.319882 
134.867632 
149.213126 
159.042335 
149.732011 
143.508712 
-861.129515 
157.202929 
147.493610 
146.249634 
167.082966 
-818.639214 
174.366105 
161.044087 
149.519415 
172.284840 
136.666987 
152.383021 
150.092365 
139.590879 
144.998225 
148.356837 
134.337161 
145.156879 
165.814074 
157.944936 
151.045388 
142.653940 
-847.339078 
151.799618 
150.837327 
150.655237 
147.197500 
162.574229 
-877.057322 
175.111399 
113.529134 
169.317240 
158.566690 
-837.441813 
161.554379 
