160.793319 
-850.940946 
157.283020 
151.006832 
149.492475 
160.420888 
-843.789022 
156.144385 
152.126192 
151.899446 
159.165959 
156.130616 
-848.689361 
147.807981 
155.480487 
149.777602 
152.974603 
151.250905 
-840.153873 
153.816329 
154.266908 
148.799565 
152.503715 
-852.074697 
149.638445 
151.430385 
153.640630 
159.058526 
155.860737 
155.529352 
158.487930 
153.332731 
150.830879 
149.743801 
-843.609833 
151.503184 
152.511682 
152.742904 
150.121854 
154.742171 
-852.273681 
146.416618 
146.369558 
152.387679 
146.699265 
160.469515 
-851.813770 
155.276726 
150.146605 
