174.673526 
156.646307 
163.925885 
144.740293 
-832.916917 
176.554640 
141.650179 
183.741140 
163.100820 
-841.265351 
168.208091 
188.835536 
167.704758 
194.912627 
-805.467199 
195.152423 
169.114050 
163.960771 
164.008820 
156.386602 
166.082982 
156.045436 
152.891435 
-803.520922 
173.423896 
229.995173 
157.555370 
151.239553 
-823.670970 
180.152150 
171.539596 
184.284614 
169.992014 
-824.421148 
170.898339 
154.301541 
160.687297 
155.052888 
-835.063704 
148.698133 
153.124013 
177.458328 
183.401977 
-828.464937 
205.269355 
147.827634 
150.284083 
153.316938 
148.172776 
