145.211286 
162.386413 
150.082024 
152.314514 
156.566867 
-849.857163 
153.697405 
154.757129 
143.604295 
149.819415 
151.900864 
-856.760286 
147.275602 
154.678401 
146.517784 
146.173169 
136.634571 
-849.150903 
155.932613 
156.281408 
156.560160 
160.234945 
-847.529116 
165.455263 
145.978996 
149.284096 
152.712708 
153.915105 
-854.052785 
158.277542 
150.273931 
155.822886 
142.408957 
149.658451 
-886.439970 
151.793738 
136.880296 
174.928859 
158.508556 
123.341727 
-853.202448 
151.121835 
167.255915 
158.122356 
157.900168 
-845.096220 
163.494390 
140.555416 
158.993096 
