153.105002 
147.995558 
-851.900099 
158.300994 
151.438361 
153.176578 
142.743376 
158.981797 
-837.672420 
156.894038 
149.043412 
158.258389 
147.881230 
-857.325184 
155.205605 
152.212846 
157.950536 
149.404065 
136.091868 
-846.021975 
160.070201 
148.919703 
140.584883 
127.220080 
144.398968 
-860.983756 
154.654047 
150.153277 
158.504357 
148.798368 
153.139125 
-864.977186 
143.940414 
154.537647 
154.194358 
147.861674 
116.382370 
-861.144995 
160.372890 
152.399068 
153.262439 
150.533691 
-842.750036 
149.682911 
147.631279 
152.753482 
152.879758 
147.661577 
-845.245728 
