163.152001 
137.023757 
112.130327 
141.544021 
155.105499 
-862.985642 
166.129206 
148.659541 
146.844063 
152.539857 
158.948776 
-849.491587 
146.073955 
156.680699 
148.680631 
149.339603 
-846.125938 
150.635546 
152.281573 
152.601822 
145.246206 
153.982233 
-855.481001 
153.354062 
154.985214 
137.285252 
150.350273 
146.157159 
139.844722 
127.830947 
146.831823 
178.915342 
161.541617 
-859.392068 
148.484731 
140.084601 
150.427032 
140.784838 
121.093730 
-848.796333 
118.790911 
160.751957 
148.272025 
137.093476 
159.626036 
-860.682725 
154.361253 
155.334099 
137.935153 
