140.398189 
149.479344 
-865.464879 
152.909830 
152.807801 
154.707286 
148.215633 
152.716356 
-852.988410 
145.730408 
147.301697 
152.666252 
142.075809 
145.168756 
-842.594784 
156.860447 
143.509165 
150.185942 
152.200472 
117.989600 
-842.090572 
154.966071 
146.410247 
137.652984 
147.349319 
138.129627 
154.252714 
148.919673 
145.471329 
-860.321360 
147.028827 
149.234829 
153.553035 
152.811682 
152.390579 
143.765322 
164.754074 
136.963774 
152.519946 
141.862637 
-848.429806 
146.676059 
159.739497 
169.128169 
157.744692 
155.928938 
-871.589883 
158.327866 
155.202271 
