153.296837 
160.620619 
137.191918 
-843.642856 
163.900869 
168.653616 
148.815205 
140.611249 
-847.897148 
146.992505 
138.661819 
149.435179 
137.612214 
154.704588 
-849.618379 
129.910264 
155.979452 
154.209527 
158.558747 
137.639820 
-844.398755 
123.744858 
153.738010 
147.807851 
158.119572 
168.097119 
-853.438783 
158.960474 
151.491174 
144.229176 
156.390814 
156.179067 
150.643419 
147.014132 
152.524386 
158.090104 
157.845400 
-851.178612 
168.503930 
173.130144 
153.363262 
134.730850 
159.747503 
-847.972123 
165.258862 
149.738069 
119.176653 
157.206141 
155.641307 
