148.544213 
143.911444 
152.975896 
163.323958 
185.589320 
-839.189756 
154.289763 
150.088581 
179.433720 
186.751691 
-877.911053 
120.153440 
152.205579 
143.459479 
167.709621 
166.037232 
-859.524913 
172.272105 
150.868230 
149.729633 
177.609539 
154.315788 
-844.825151 
151.661297 
151.029316 
142.474760 
149.640394 
140.490324 
151.431829 
155.937368 
152.072188 
148.229533 
157.744515 
-851.580758 
145.257466 
156.522921 
137.861724 
148.702950 
150.965526 
-875.509698 
149.687314 
158.578268 
153.124439 
147.055720 
159.127644 
-885.032621 
150.501190 
154.847692 
136.837685 
