152.216985 
160.201428 
-848.606150 
156.887170 
135.967601 
159.708874 
126.747099 
150.902256 
-844.520697 
161.147326 
161.293460 
154.792963 
156.950497 
-844.660774 
159.777144 
185.651624 
166.302996 
166.635998 
-835.130665 
178.464421 
155.343214 
157.819113 
143.888399 
159.896649 
-849.435719 
208.147187 
142.799073 
156.370045 
161.366329 
-846.646032 
154.235160 
157.518890 
162.015495 
161.177118 
150.746130 
-847.945766 
134.439844 
173.442638 
154.187958 
162.687522 
-831.401174 
151.855581 
137.474506 
140.231405 
149.524894 
152.783514 
-831.348921 
141.887947 
159.135853 
