149.478128 
140.233679 
147.488676 
-851.070908 
156.007003 
157.954151 
143.086232 
115.676080 
151.001051 
-876.832020 
155.819204 
163.307965 
156.992988 
156.813306 
135.708281 
151.545177 
165.811076 
165.019629 
122.683983 
159.469369 
-878.587392 
173.974663 
156.886649 
150.201438 
186.101158 
175.027721 
189.047317 
136.711333 
151.088314 
158.978320 
155.559647 
-869.305221 
157.209491 
142.654092 
174.171167 
149.734584 
157.639024 
-845.266924 
155.570097 
131.328366 
141.887751 
136.928870 
-843.446940 
154.006291 
145.192298 
133.115173 
154.063824 
136.626426 
-846.935404 
