147.196447 
140.063749 
158.591159 
151.384194 
116.733995 
-849.506509 
151.131314 
139.840254 
130.945464 
166.834849 
152.406066 
-855.100540 
156.109503 
166.769609 
158.513110 
159.561088 
156.388566 
-844.988544 
152.299828 
147.557380 
138.133360 
146.767254 
-836.856679 
151.196313 
114.571720 
155.180837 
154.904654 
148.946699 
-837.461190 
172.424825 
147.565820 
150.173231 
135.035703 
161.481590 
-853.868516 
150.564357 
146.637744 
135.723784 
152.935148 
147.898942 
-853.536915 
161.468568 
124.075806 
156.274652 
168.832848 
-840.816815 
142.747059 
155.311477 
108.759049 
