144.184930 
150.313095 
144.966905 
147.448714 
156.628036 
144.833650 
143.587732 
145.548890 
-854.988717 
149.089202 
159.417313 
150.603796 
147.705924 
152.270109 
-852.194862 
184.830699 
148.412676 
146.433206 
145.082592 
138.835439 
-856.631584 
145.896652 
155.019467 
142.586471 
145.144337 
145.004635 
144.553993 
144.124768 
154.581915 
152.531340 
147.607054 
-848.175458 
148.422266 
159.308295 
156.142908 
147.609408 
150.389641 
-852.479602 
146.394741 
146.812688 
149.740440 
142.337172 
144.149363 
-854.360447 
147.304817 
145.612683 
155.534089 
148.023852 
148.792973 
