150.985917 
157.003175 
-849.228463 
145.982787 
146.144244 
144.522393 
150.935344 
157.873647 
-848.930204 
157.958489 
122.071543 
147.362910 
138.101004 
151.611626 
-850.355170 
146.297474 
155.071496 
153.137816 
147.420748 
147.510323 
-858.296758 
159.419616 
155.529736 
157.361750 
155.204065 
149.507177 
151.342155 
157.205745 
116.723299 
147.888555 
152.520359 
-865.181167 
124.180628 
143.868090 
114.069594 
146.070925 
145.418208 
147.894201 
155.445070 
160.523737 
141.796146 
146.458531 
128.271208 
-859.163531 
149.921886 
127.052276 
162.234128 
148.422858 
136.184501 
