-858.687018 
154.076063 
143.007672 
148.567541 
151.535339 
155.028342 
143.643348 
156.823104 
145.702124 
142.872176 
145.570895 
141.437817 
143.415288 
148.877187 
154.344532 
153.431930 
150.011176 
-846.409329 
155.235825 
152.349622 
156.312518 
153.317553 
146.250591 
-855.524955 
141.895313 
143.004148 
142.471074 
147.878725 
154.551393 
-854.034913 
156.711880 
142.835555 
149.113900 
148.891331 
143.715848 
-855.874374 
153.366129 
125.916865 
148.359719 
154.748728 
141.878718 
-851.193874 
152.403950 
153.800731 
147.608457 
149.136787 
144.857996 
137.288802 
149.258927 
