160.082294 
153.312372 
155.747024 
-836.217703 
156.175252 
141.587907 
155.383346 
153.126655 
166.438640 
-853.229712 
153.616713 
150.570471 
124.702406 
151.783115 
146.178305 
-871.355231 
130.955726 
154.359498 
150.341076 
149.407924 
140.777253 
-848.822121 
113.330443 
146.759373 
142.987131 
152.915778 
164.146108 
-848.655407 
152.325742 
155.033355 
151.239142 
148.285699 
-853.646871 
155.213917 
123.724719 
161.815096 
142.231225 
154.017213 
-837.935117 
122.774047 
138.739109 
149.840008 
145.737854 
139.174602 
-855.429886 
153.645161 
153.102002 
149.279293 
149.293369 
