116.973508 
-841.580190 
154.053688 
152.746041 
148.842147 
149.809839 
154.735000 
-850.036999 
158.029702 
153.372021 
151.057343 
152.818907 
154.904761 
-847.289937 
141.071334 
151.358447 
160.218475 
153.128057 
-855.209681 
149.367629 
120.637772 
118.431173 
129.741721 
154.509852 
142.700005 
-850.697579 
155.739932 
123.013573 
156.934272 
154.306615 
-846.457418 
129.545641 
147.222570 
163.476217 
145.270259 
147.000041 
-856.496878 
153.342634 
148.686944 
147.620724 
154.040231 
154.175926 
-851.767963 
152.898934 
146.945682 
153.869450 
153.696141 
155.504603 
-853.967994 
