135.887587 
150.764794 
154.233207 
143.154401 
151.564143 
-847.445181 
153.472887 
143.346324 
151.209543 
154.709802 
-848.495556 
160.390829 
139.232094 
157.430502 
157.926807 
145.746682 
-838.997369 
159.260280 
146.874458 
160.326655 
120.564631 
148.282131 
-847.799869 
153.384321 
147.830968 
158.460351 
135.794496 
158.235099 
-851.346788 
150.805689 
154.551729 
147.599419 
154.432528 
-843.930690 
154.297128 
130.990687 
121.361000 
133.039573 
149.220023 
-845.806961 
137.263729 
153.979173 
123.732937 
129.888428 
150.042941 
155.765856 
154.362600 
122.547537 
153.501966 
