155.439870 
154.782920 
-848.520378 
141.862276 
140.128074 
155.137359 
149.718698 
147.575837 
-844.085358 
148.028698 
154.411817 
146.505490 
150.566469 
150.231244 
-851.928846 
145.580997 
150.579045 
145.894142 
155.372534 
-847.360838 
148.135706 
149.857977 
154.436605 
155.788948 
125.131163 
-855.727117 
155.828151 
157.434889 
154.028416 
146.823902 
146.719854 
-888.640814 
154.360822 
139.576810 
157.197931 
144.074070 
147.959710 
-847.888688 
148.929029 
146.540531 
145.251187 
154.108138 
-844.103608 
149.500536 
159.736483 
142.393655 
155.186358 
155.808943 
-872.154895 
