137.628585 
157.965425 
151.293155 
151.053130 
147.751204 
-851.416760 
150.518008 
141.759110 
154.870565 
161.532784 
144.442789 
-852.312643 
157.784948 
150.942154 
145.143831 
136.608836 
158.221502 
-854.405729 
151.467175 
150.050447 
152.243363 
110.609530 
121.336876 
-855.091066 
150.508582 
147.426112 
147.073821 
155.005563 
156.336788 
147.730311 
134.093259 
150.071600 
149.977711 
154.838910 
-840.983301 
170.841495 
140.011557 
153.932128 
152.651572 
154.296552 
-844.644784 
153.754960 
145.873821 
147.080913 
146.416946 
154.270906 
-879.338912 
150.186580 
156.408369 
