148.482165 
150.691702 
151.843436 
-841.792159 
160.053297 
144.852499 
152.334923 
138.475077 
-840.652243 
143.035156 
149.701358 
143.845006 
145.435507 
147.140618 
-837.110971 
160.824855 
143.067762 
150.790934 
147.600290 
134.796761 
-849.908296 
156.301381 
156.309605 
143.825592 
145.583762 
146.007827 
-855.107871 
160.217281 
134.396369 
151.871761 
148.673088 
110.529802 
-853.211211 
162.119180 
152.588558 
153.796644 
146.057614 
138.435268 
-851.074341 
116.333769 
125.763148 
153.178151 
153.213527 
149.190845 
-856.595554 
138.312136 
161.442158 
153.066100 
142.296019 
