148.994133 
145.146425 
156.816801 
154.153027 
159.733652 
158.909826 
-850.086317 
146.300082 
150.646268 
142.777478 
153.927923 
145.967563 
-858.218588 
150.749696 
112.898164 
140.990217 
167.000612 
146.138136 
-845.845140 
130.905712 
151.495348 
141.435597 
145.752356 
153.162695 
-849.740376 
149.686998 
145.439376 
160.578569 
156.402844 
154.487709 
-841.082537 
141.620632 
150.544135 
151.272903 
144.645247 
-835.990113 
153.442111 
151.734179 
149.167539 
145.037609 
159.747988 
-850.610408 
151.890971 
144.900340 
153.993127 
143.385579 
147.689576 
-839.274476 
153.010338 
