152.837780 
131.263561 
149.495276 
108.337655 
-821.219897 
126.804512 
145.567188 
141.455790 
138.991123 
164.126365 
-847.783534 
154.822390 
140.564602 
152.918980 
150.858158 
155.205483 
138.428544 
138.531267 
145.788758 
153.437539 
151.957208 
-847.233759 
155.438286 
132.141207 
148.365487 
157.791804 
145.228473 
-850.102625 
149.509678 
155.333643 
146.764639 
153.620915 
160.698944 
-891.629446 
156.523350 
160.024534 
150.499038 
138.758964 
145.350422 
-844.770091 
162.383140 
152.892053 
156.591233 
153.820183 
139.576568 
-850.331350 
156.531671 
150.206625 
156.745408 
