148.197957 
147.253072 
156.678873 
157.666690 
149.185706 
-842.832633 
154.295853 
152.893793 
154.322459 
154.606466 
154.162928 
-845.414548 
154.236337 
155.436169 
152.272894 
160.990281 
-843.625647 
155.747355 
156.587306 
148.045076 
149.647582 
155.394833 
-855.332661 
154.659869 
147.077623 
151.912246 
149.972134 
156.276809 
-852.681508 
156.629616 
153.951511 
148.793369 
150.070177 
157.459993 
149.425180 
165.951241 
158.139363 
148.834186 
156.391522 
-845.993959 
151.804673 
152.983218 
150.721670 
153.569838 
154.136713 
-829.773721 
159.656562 
149.182966 
147.651321 
