136.519231 
-854.355874 
144.608497 
148.380053 
138.891981 
152.049320 
140.709018 
-845.524050 
158.096396 
156.795812 
153.246904 
149.968117 
152.915901 
-854.340021 
152.214096 
147.958310 
146.370990 
149.423270 
152.024202 
-853.545143 
150.636070 
146.485566 
158.047015 
146.807145 
150.779119 
152.657177 
154.652567 
155.482680 
155.060530 
155.122503 
-881.729556 
155.749625 
150.596441 
149.181072 
140.780360 
149.593049 
-847.319049 
152.581932 
152.987278 
150.650928 
153.395099 
151.619337 
-847.936928 
154.942802 
114.088923 
151.912368 
152.889283 
141.553345 
-847.315472 
