126.529098 
147.478151 
144.660907 
148.531376 
154.224626 
-855.849141 
153.754781 
152.511503 
151.563183 
158.059773 
150.192960 
147.067246 
149.406935 
139.981127 
160.189946 
161.364830 
-854.363231 
108.271516 
155.034777 
146.224700 
149.572882 
148.497370 
-858.060394 
170.661809 
131.708680 
152.010854 
153.798402 
132.166452 
-847.450821 
153.445610 
144.015557 
156.053007 
144.131904 
130.381070 
-856.723160 
152.564804 
148.276245 
144.273028 
134.830588 
136.016561 
-861.966267 
157.391381 
153.233283 
135.960111 
146.838415 
144.806956 
-849.259795 
152.148253 
149.512428 
