153.370283 
155.848823 
175.821561 
148.456849 
158.801559 
146.207889 
154.790368 
150.971366 
-851.515985 
154.164183 
146.808584 
151.024809 
150.831834 
156.596158 
-885.632757 
153.023286 
151.563658 
149.574085 
151.442228 
152.813205 
-848.810470 
141.623945 
151.448242 
148.721138 
154.556917 
141.520133 
-843.433825 
152.630348 
154.830818 
152.007404 
148.634685 
145.516643 
-843.118959 
153.018143 
157.809184 
136.358653 
157.506301 
-852.620445 
150.171898 
152.104869 
141.981777 
148.065964 
148.849347 
-849.631043 
154.990563 
152.879913 
147.868120 
144.222143 
160.829625 
