-836.036251 
157.871080 
155.285692 
121.628791 
147.320642 
152.035425 
-848.315364 
147.775580 
142.996782 
142.612090 
156.173526 
-850.347160 
141.542329 
131.823107 
151.115760 
145.911272 
146.026970 
145.621853 
149.517288 
124.269313 
146.538513 
138.708104 
145.202287 
152.529335 
160.288397 
146.000655 
150.883601 
140.041245 
160.762759 
-847.234806 
146.912660 
153.330623 
168.103562 
123.080770 
147.784725 
-866.353240 
164.639495 
154.612571 
150.675760 
120.954709 
151.345911 
-847.612198 
165.326709 
157.474539 
166.434725 
153.948906 
148.889544 
154.384639 
148.173361 
