146.582469 
154.482837 
150.839895 
-847.830874 
149.568876 
142.603297 
153.691942 
151.677568 
148.291311 
-847.013145 
154.139215 
151.281640 
146.242292 
118.911495 
139.005434 
-849.702870 
156.131811 
152.862148 
158.532826 
148.159849 
147.170667 
-888.047524 
148.487042 
147.728945 
132.495539 
160.792365 
152.570435 
-851.273050 
143.571420 
154.077076 
150.732403 
139.583683 
161.158876 
-851.495481 
152.418982 
155.618773 
153.437354 
151.225299 
-847.572562 
156.637242 
147.145973 
139.294571 
151.971906 
157.511684 
-848.631513 
149.626583 
149.508532 
143.661202 
145.321680 
