160.235161 
-846.554663 
157.902569 
155.685481 
151.419084 
152.880478 
-840.437918 
149.343461 
140.992993 
143.946473 
143.975275 
149.714768 
-864.328424 
146.859847 
145.735869 
147.907192 
154.923536 
156.078917 
-846.968541 
141.121540 
154.941424 
150.539593 
154.762800 
-865.162935 
153.098343 
129.546564 
158.863536 
154.273266 
120.747666 
-853.244048 
155.923420 
156.466883 
114.539230 
153.225014 
150.004954 
-851.622971 
115.430843 
156.959027 
153.846042 
145.392531 
150.223136 
-841.931384 
155.362780 
155.961760 
170.108683 
119.599636 
152.582949 
-838.148916 
158.735107 
