161.115754 
153.552599 
158.438884 
151.031595 
155.020775 
154.057769 
153.008503 
151.361880 
161.876253 
-849.056731 
169.839794 
156.261610 
162.767013 
146.039501 
170.266281 
-850.018039 
146.888591 
145.302300 
148.860881 
152.324071 
-844.117930 
152.992749 
142.279247 
158.731269 
150.397664 
125.414480 
-849.183978 
163.672827 
148.846134 
139.345276 
146.552122 
130.190859 
-847.852348 
152.457574 
147.226206 
148.943814 
144.528530 
164.826515 
-834.119217 
145.827888 
152.517517 
155.276219 
142.576226 
-839.781354 
155.949007 
139.078881 
159.153086 
158.431404 
153.674112 
