-843.135805 
170.419493 
152.420397 
122.502111 
134.740588 
148.573301 
-863.076579 
157.286579 
151.521321 
146.036224 
149.551082 
140.669431 
-868.455699 
149.179984 
155.363038 
156.330858 
136.965517 
142.256366 
-867.697465 
131.597727 
135.055051 
109.320303 
151.435850 
153.616963 
-850.335666 
152.116759 
155.388600 
146.791224 
160.296700 
148.382314 
-855.254557 
166.951168 
136.679024 
149.951055 
128.897589 
117.804503 
-851.766230 
158.036407 
153.513571 
143.265529 
158.843526 
155.959253 
-852.761342 
150.917086 
152.388951 
156.414781 
152.751864 
-861.837755 
146.400289 
