120.722513 
152.439519 
148.989108 
138.558251 
-852.332153 
148.727220 
153.329879 
152.861084 
158.938021 
159.784614 
-841.246039 
132.621084 
150.759878 
147.175413 
160.013606 
131.680364 
-847.440968 
153.999125 
115.389708 
144.742393 
158.768140 
153.911767 
-845.137040 
149.166057 
146.673848 
149.918484 
155.638942 
157.781863 
149.524809 
155.309418 
141.910471 
162.871040 
157.948433 
-836.621208 
153.901543 
155.334418 
153.108825 
135.346663 
143.290808 
-845.963762 
152.830846 
156.184996 
148.767140 
152.328827 
123.549792 
-885.613212 
155.797240 
149.702473 
153.656330 
