140.421374 
138.274845 
-837.579547 
152.901301 
150.470723 
125.678915 
147.642451 
159.757797 
-849.218985 
136.384909 
146.543742 
151.089909 
112.158248 
150.105025 
-848.783643 
161.826059 
154.967978 
150.596531 
148.141291 
154.036514 
144.663339 
110.759038 
135.610507 
148.687495 
152.336267 
111.796754 
-888.964399 
127.018537 
160.351238 
146.884849 
154.930097 
139.833007 
-869.461504 
130.466339 
148.475869 
133.485318 
156.281833 
141.214219 
-871.956039 
103.829718 
156.462639 
138.573384 
149.132907 
151.238673 
-846.972614 
157.534344 
151.284961 
151.569206 
139.757203 
