60.076900 
69.042091 
62.720624 
74.405289 
-931.726255 
66.652546 
67.017908 
65.543002 
63.878851 
66.222126 
61.790406 
68.045039 
76.514557 
77.496259 
67.972693 
61.835021 
-933.916353 
64.556184 
68.658666 
62.039958 
63.422340 
65.212585 
61.469110 
66.749410 
65.946619 
67.830820 
62.645810 
62.881331 
65.757338 
-930.868536 
62.747966 
61.840386 
65.352392 
69.093932 
69.846972 
64.172892 
65.808610 
69.246105 
66.263339 
71.070234 
74.295784 
-922.633437 
75.275174 
72.723042 
61.914312 
63.105200 
63.984903 
62.863912 
65.469326 
