68.144495 
78.788699 
83.265208 
81.953464 
74.337377 
-924.762001 
95.004863 
86.606293 
73.370443 
67.151922 
67.830966 
81.999167 
82.139306 
77.025489 
72.572213 
79.507690 
-923.933868 
72.669867 
68.809336 
82.555845 
79.891723 
74.701721 
64.413104 
80.372555 
68.660264 
68.156430 
69.388858 
-919.771805 
87.382672 
77.269039 
96.552266 
73.108083 
75.656689 
74.135929 
83.108328 
71.302243 
74.778095 
77.844513 
68.810117 
76.803679 
76.667970 
90.781093 
76.591921 
74.119404 
81.582925 
74.567119 
86.217120 
79.014877 
-921.348719 
