74.064256 
75.916364 
79.416407 
63.452986 
65.201742 
68.205571 
70.306602 
73.801917 
76.260338 
78.168843 
67.304982 
-918.223600 
65.369226 
77.240058 
94.387839 
82.113793 
76.891599 
78.939443 
68.377690 
74.781198 
80.627462 
74.891993 
79.328890 
67.796513 
78.407009 
80.153655 
74.892829 
76.327983 
80.603582 
73.871399 
81.532712 
75.337162 
-921.328081 
80.363337 
65.563569 
65.924070 
69.937888 
65.455806 
81.750418 
93.616024 
79.304629 
72.515797 
96.112556 
-922.741369 
72.630854 
82.615409 
74.642883 
82.129772 
81.403111 
