73.830972 
79.923378 
76.485507 
88.128416 
70.367898 
-921.600485 
82.814634 
67.282855 
81.101329 
68.092295 
78.143744 
74.529790 
80.092267 
72.375535 
78.878820 
71.110346 
-927.719692 
70.079160 
85.897581 
70.390288 
81.823202 
73.996215 
74.412405 
65.600194 
66.379142 
73.400086 
73.259196 
-936.089744 
65.448053 
70.469529 
73.667138 
69.326657 
85.941877 
85.997117 
79.307107 
85.383418 
79.880968 
75.074798 
-918.447660 
76.423075 
69.066016 
70.085076 
65.069204 
67.905287 
69.801012 
81.850335 
66.093716 
92.767891 
78.596247 
