-931.011336 
72.951923 
68.823379 
73.206224 
68.862382 
83.667663 
75.431268 
80.582004 
71.006347 
81.130438 
76.145040 
-907.322850 
75.940097 
70.664576 
81.602790 
78.505995 
71.825791 
74.816672 
82.523143 
77.965028 
71.722139 
67.290732 
-928.145235 
67.168594 
67.859343 
65.124237 
81.370598 
70.881370 
84.755971 
72.499883 
65.364050 
77.250526 
75.329620 
-924.573075 
84.191327 
76.142288 
74.969559 
80.429615 
77.988197 
81.116845 
75.357820 
90.456330 
75.385373 
79.004916 
-926.198185 
71.816606 
74.272926 
79.008074 
74.487648 
