75.124915 
75.310825 
78.504808 
70.800486 
84.118483 
67.866856 
-929.493132 
74.579964 
77.623995 
83.563336 
75.233797 
72.809668 
73.124513 
73.299424 
76.991399 
-921.710420 
73.208771 
84.751698 
82.388519 
83.823860 
75.706860 
80.881687 
79.512460 
76.314660 
77.131230 
72.530253 
82.493263 
75.640078 
72.315300 
83.871777 
76.335978 
74.069531 
82.947751 
78.235273 
77.009353 
67.070648 
-913.533657 
81.853575 
77.074942 
76.683003 
79.113413 
73.889010 
74.928843 
79.280137 
71.174295 
83.293609 
80.296777 
-909.393531 
77.315677 
