73.558844 
75.277545 
80.012224 
72.236792 
79.377080 
71.612261 
76.823018 
79.486434 
79.679739 
-916.196750 
89.178453 
75.536889 
75.383400 
71.708214 
65.396195 
66.350427 
90.716382 
74.459104 
72.945765 
71.380293 
-919.904981 
74.063357 
72.138044 
71.014801 
76.559061 
86.904852 
75.041127 
74.381001 
77.335093 
70.043559 
78.470584 
-920.672140 
76.684583 
74.161856 
76.056358 
74.666256 
73.939312 
77.944440 
76.559008 
82.344693 
72.898081 
78.423970 
-921.643289 
76.582073 
71.037054 
88.214628 
74.633153 
82.797610 
81.189721 
