65.515003 
71.171487 
75.082416 
76.396770 
85.164260 
88.868100 
75.001671 
74.666731 
80.078933 
79.534618 
77.558474 
79.568378 
78.127171 
80.797149 
-916.857245 
80.812264 
74.787978 
71.839092 
72.607169 
71.938189 
75.346848 
79.594368 
82.949742 
83.845840 
80.859192 
-920.106408 
71.086993 
91.798040 
77.030594 
71.790162 
66.476430 
70.949188 
68.381529 
71.659563 
69.543709 
74.336894 
-928.813019 
76.792157 
81.271166 
75.197505 
80.387099 
76.405274 
70.375344 
78.257729 
74.155207 
81.256658 
76.457678 
-911.528757 
77.781406 
