75.353383 
70.677649 
71.953006 
76.397131 
83.191634 
82.712400 
79.238670 
86.407569 
-926.341485 
73.172271 
68.535131 
84.851816 
78.299182 
67.884372 
68.396832 
73.670974 
68.824940 
71.861979 
67.961158 
66.762502 
-930.950166 
69.978831 
73.733501 
70.695526 
86.151788 
70.181197 
74.824959 
74.020647 
73.429364 
74.905331 
-927.513046 
79.143882 
75.429392 
80.638599 
70.431178 
76.192625 
72.720976 
80.687665 
82.497296 
74.549775 
85.581822 
-914.618620 
76.734910 
78.118487 
76.505577 
78.837572 
74.258457 
77.468131 
83.347363 
