68.143528 
82.632889 
78.277992 
-922.124092 
80.078865 
84.223605 
77.900306 
76.615311 
85.766379 
66.478379 
75.164789 
71.658314 
73.301498 
77.793603 
-923.420861 
86.315383 
78.039140 
71.164071 
80.588226 
78.715900 
83.431753 
80.921595 
76.825485 
75.972508 
-926.591382 
72.006311 
72.667366 
73.555089 
78.396082 
77.225913 
76.303550 
67.304053 
72.409959 
82.907674 
87.109274 
-921.303267 
75.940716 
76.593104 
72.034096 
77.276188 
67.674505 
82.477837 
81.605237 
71.805885 
82.435294 
88.725601 
-926.709624 
75.597162 
69.916881 
