66.499424 
75.253085 
84.524040 
101.609440 
78.241978 
81.917759 
81.370713 
71.042532 
74.784802 
74.218835 
128.738330 
69.395220 
76.475483 
79.611955 
91.675188 
80.917070 
80.166190 
-932.409666 
84.634721 
68.253727 
67.423612 
69.133227 
74.263724 
73.473765 
66.525911 
71.714039 
69.222310 
69.605777 
66.778495 
-926.249569 
79.533377 
73.470869 
86.701189 
73.552802 
91.029875 
77.685837 
74.911894 
79.666280 
72.081761 
-922.218894 
81.492783 
76.160862 
76.406561 
81.005083 
83.581021 
76.774403 
69.016223 
92.041565 
79.071250 
