60.928799 
54.503682 
62.575596 
53.425566 
65.093540 
-934.965612 
55.279570 
66.061204 
52.084164 
46.345206 
54.598391 
50.891864 
54.522614 
55.909146 
50.372375 
55.739850 
69.149851 
60.289156 
54.649352 
-936.902578 
51.939858 
56.030589 
55.381193 
52.779123 
57.579822 
53.620476 
53.160490 
48.068534 
58.771394 
57.381417 
53.449305 
53.835470 
64.956038 
54.874326 
59.181466 
56.980638 
57.920634 
53.848908 
51.326314 
58.728940 
46.699697 
51.276445 
56.418949 
56.961005 
55.543566 
49.593404 
54.105675 
53.760787 
-940.324763 
