77.035596 
-920.621777 
77.428352 
77.160684 
78.319037 
86.108228 
81.376250 
79.147763 
71.499613 
63.282089 
65.046980 
78.031423 
-923.053731 
76.708759 
81.525352 
85.967032 
74.581292 
76.452737 
86.076355 
75.216057 
64.528862 
69.453735 
66.968454 
-917.023962 
76.447697 
89.659413 
75.080872 
76.166416 
72.304391 
75.071271 
77.623041 
85.756840 
73.853597 
89.745825 
78.147407 
92.792706 
70.777430 
80.705514 
78.520881 
81.174595 
91.595750 
77.823634 
-912.275631 
71.784525 
86.003737 
75.984935 
77.323553 
75.559573 
82.261236 
