86.468239 
89.586364 
71.746498 
-921.993751 
69.278531 
75.086929 
69.285178 
80.855735 
72.758993 
78.535680 
70.444448 
70.569995 
88.430601 
80.922633 
81.749678 
80.944223 
74.013321 
69.507323 
67.750252 
80.840207 
73.395419 
79.378413 
69.144984 
69.112565 
-927.630621 
70.840678 
85.160206 
68.638464 
66.218288 
72.306213 
68.548150 
77.287860 
70.980838 
66.655345 
77.161951 
-907.084858 
78.490946 
75.994232 
69.813666 
72.571043 
70.775609 
71.532672 
106.913840 
-924.866462 
72.724753 
119.168873 
92.033420 
72.026258 
131.378879 
