65.835050 
72.030220 
94.865642 
-894.289032 
79.382203 
84.324783 
63.722591 
75.043171 
71.183277 
73.635583 
129.040019 
75.450522 
97.756625 
-911.243228 
97.369884 
88.023114 
86.457319 
88.049192 
67.130504 
111.317747 
65.592739 
78.017172 
108.035068 
80.528299 
115.248704 
78.002935 
119.448645 
108.760022 
117.023269 
98.134596 
74.895630 
-912.622836 
79.062179 
95.882850 
80.238214 
79.842292 
81.490786 
98.322678 
123.809742 
-895.397351 
75.065078 
78.330464 
77.766334 
72.010446 
68.897013 
70.003216 
66.317159 
68.902398 
78.119055 
