79.730051 
-926.873841 
70.726565 
68.478775 
73.575355 
85.797346 
71.323021 
73.409582 
75.369338 
68.490842 
68.851686 
70.030151 
-915.997995 
79.621954 
67.321650 
84.845555 
81.361341 
89.144094 
81.145909 
75.982631 
74.904382 
72.553376 
80.370739 
-923.609971 
79.506395 
86.756408 
72.425478 
80.178562 
81.655289 
78.842937 
87.163831 
78.067847 
78.571265 
75.971974 
-929.208636 
73.698258 
69.696139 
82.088323 
75.717726 
76.284290 
85.365801 
79.436512 
78.499843 
80.515611 
63.505144 
74.672937 
69.443171 
73.905491 
73.785185 
