71.711906 
84.416934 
82.205506 
77.785767 
82.185504 
70.189029 
76.403008 
75.570577 
73.438857 
74.125869 
75.727487 
67.598170 
75.193008 
73.219047 
84.069784 
84.914545 
75.712021 
-924.497181 
70.175571 
71.724347 
77.468103 
69.780250 
74.070224 
71.872337 
78.042077 
74.740647 
69.642673 
75.597210 
78.787303 
75.436018 
81.331496 
73.927685 
74.803042 
72.126058 
71.556833 
76.645056 
81.119461 
73.121034 
82.993564 
76.658430 
73.531304 
76.029275 
73.596052 
71.499082 
70.601679 
72.013823 
82.281053 
81.958347 
-917.354321 
