72.140423 
73.134733 
73.309395 
72.048328 
68.633326 
69.054585 
89.301544 
80.157912 
76.651095 
77.893483 
78.239628 
76.173636 
70.509511 
68.114347 
87.712604 
67.135174 
78.396816 
76.399067 
69.194324 
-926.482116 
74.362846 
71.542098 
72.551956 
84.939079 
80.012884 
82.125385 
78.345240 
62.620369 
79.042784 
84.032145 
-923.815483 
81.445776 
80.464018 
86.143512 
76.161604 
77.836015 
77.846655 
86.553105 
68.312590 
80.349146 
74.949834 
-928.983244 
69.965895 
79.470080 
85.975986 
82.728195 
72.535124 
74.640285 
69.022566 
