71.476849 
72.952793 
75.291601 
75.742639 
76.076291 
68.140035 
81.350760 
95.689113 
88.882125 
87.698826 
70.720912 
69.831142 
74.749985 
-924.797055 
73.264424 
84.890241 
74.608109 
81.411162 
74.829863 
74.030056 
76.293434 
79.147487 
86.298333 
74.843748 
75.599087 
75.409632 
78.907681 
83.798985 
84.559028 
79.530517 
67.556100 
74.945564 
77.678982 
78.930240 
-926.939824 
76.607873 
71.919377 
73.904404 
83.757490 
82.849073 
83.830857 
78.390251 
71.477111 
73.243284 
76.474592 
-933.212436 
69.864878 
69.779397 
75.209237 
