75.790783 
73.771078 
83.254905 
74.025735 
79.360350 
70.576805 
76.148559 
-923.042617 
76.632230 
77.551913 
78.358037 
79.073211 
81.563512 
75.570103 
65.942391 
72.751213 
70.424863 
66.822666 
73.202618 
72.749108 
77.320649 
67.571136 
82.487315 
75.815229 
71.080042 
74.306795 
65.255204 
66.253418 
71.717004 
71.746021 
-930.577182 
86.859626 
82.203254 
82.420568 
78.519872 
76.516266 
83.335956 
63.607081 
80.229997 
73.838426 
78.128154 
-922.385336 
81.545351 
72.952322 
74.194378 
65.112222 
71.371410 
67.859384 
70.967719 
