88.012861 
77.503300 
64.817781 
-929.481519 
83.267369 
78.813560 
73.990355 
82.107331 
71.280252 
73.261394 
70.550825 
76.039397 
80.014796 
64.892941 
-934.517307 
63.416387 
64.610716 
67.341076 
64.276462 
69.305696 
76.388242 
75.424879 
74.732379 
82.625694 
87.092531 
74.788564 
-932.221083 
77.021925 
70.251838 
75.899074 
67.375781 
73.698251 
74.434932 
74.530903 
76.431893 
74.418377 
85.277401 
-918.963677 
78.003746 
73.284062 
75.598338 
74.277299 
71.840751 
78.097190 
73.619279 
78.839167 
72.480000 
83.017356 
-920.725798 
