70.020955 
69.481073 
80.027524 
67.160527 
74.598842 
76.894071 
68.894662 
75.782998 
70.276712 
83.334070 
-913.064805 
91.877648 
83.996774 
76.054893 
83.045072 
80.494550 
70.968538 
72.401692 
75.657543 
77.763930 
72.964610 
-920.388879 
87.624637 
76.294498 
81.192200 
76.064745 
72.767760 
79.151614 
76.039261 
74.147362 
72.257166 
65.861680 
-922.439562 
93.460725 
70.985671 
74.709846 
78.260322 
68.640609 
72.463806 
69.543194 
70.145737 
85.920712 
75.920076 
-920.281998 
75.104921 
74.482157 
78.277876 
83.585560 
66.857524 
