60.858760 
75.841451 
60.533829 
64.406853 
64.205757 
58.252806 
58.633980 
63.242129 
61.162911 
67.106257 
66.874339 
63.334183 
-931.309572 
73.422147 
66.909650 
68.286762 
66.114993 
62.531313 
60.792511 
60.250084 
56.048695 
67.548485 
59.698475 
62.685496 
-930.461381 
66.713294 
71.823804 
64.932629 
62.838575 
66.846818 
63.592001 
62.393652 
62.365234 
63.390333 
66.812460 
61.031773 
62.790156 
-932.387024 
64.739976 
71.036955 
63.985472 
64.164000 
66.744045 
59.834187 
67.301172 
68.850417 
68.586628 
65.001581 
64.794173 
