90.558462 
81.109001 
74.062466 
68.167203 
75.164687 
-917.748469 
76.349194 
70.174801 
78.653584 
72.750601 
78.781907 
77.009680 
84.451481 
73.861480 
78.951778 
-928.349989 
79.403255 
76.022732 
84.376951 
71.217399 
75.861395 
77.817009 
82.256850 
71.860086 
83.767209 
78.996772 
-913.885994 
81.772243 
75.958801 
64.181901 
67.365165 
73.515391 
74.095786 
75.223243 
70.009020 
73.810362 
67.467469 
-929.114454 
76.525658 
76.626436 
79.030527 
73.203279 
80.410603 
71.126461 
73.135069 
76.285861 
69.014920 
72.451270 
-924.527550 
