68.489879 
70.877785 
77.383152 
68.286769 
64.140961 
67.038444 
81.418018 
83.975298 
73.322309 
73.818642 
76.718763 
-924.765460 
76.375826 
75.790640 
91.725272 
70.461981 
79.476035 
78.739122 
75.701605 
86.030088 
77.613370 
71.315668 
66.703324 
71.837846 
74.906581 
80.238650 
79.503025 
92.720284 
77.292182 
82.865732 
79.913418 
79.380847 
-929.142225 
76.541446 
78.243275 
85.048613 
67.085611 
87.287685 
74.044575 
82.473452 
81.387644 
77.389937 
71.950823 
-921.419794 
76.635022 
77.702739 
76.640237 
85.445305 
72.025165 
