74.629522 
71.369484 
79.392256 
67.613454 
68.692177 
69.985945 
72.745102 
72.147677 
80.014643 
65.661613 
83.146973 
85.330158 
86.632816 
68.793656 
70.235260 
70.245081 
67.486141 
-925.666987 
76.435310 
80.124243 
71.958996 
75.422997 
75.064585 
75.806073 
84.235192 
77.871770 
73.970809 
83.976803 
-918.983851 
75.547644 
77.544313 
81.812840 
70.585062 
83.965236 
80.239701 
76.613169 
69.418805 
70.973752 
83.479327 
-919.799417 
72.726876 
80.380774 
82.674977 
74.952860 
82.387508 
74.521143 
88.111140 
74.476543 
83.843100 
