-919.818271 
78.576088 
78.441469 
71.078245 
69.971254 
79.610316 
91.399745 
75.099832 
75.113777 
-923.220153 
78.625382 
76.407721 
81.879146 
80.436188 
70.136553 
79.196083 
70.384993 
70.788245 
83.149131 
81.432446 
77.451496 
69.530441 
84.232053 
72.174328 
74.334744 
73.073719 
77.015620 
82.897496 
83.344565 
78.084490 
80.888797 
80.376617 
71.988685 
70.376029 
75.216140 
70.852727 
80.364695 
82.083275 
68.007666 
81.644715 
69.820297 
73.248873 
79.887771 
71.882706 
76.468650 
79.760361 
75.332175 
73.056662 
80.218948 
