76.865823 
89.155455 
87.185629 
-927.009639 
69.705705 
70.513536 
90.430988 
80.050791 
70.324617 
67.303934 
68.950691 
80.098968 
78.598392 
77.384457 
81.153460 
80.994661 
73.508158 
68.991160 
75.437239 
73.320153 
71.997486 
73.383602 
72.527122 
75.713002 
83.150892 
66.986420 
-925.421129 
72.459641 
91.088090 
79.194663 
73.934373 
82.629000 
82.766934 
68.440146 
79.774828 
77.556780 
66.466079 
69.684538 
71.415167 
76.717908 
72.607083 
71.211999 
76.065782 
72.837704 
88.148040 
-921.997781 
69.711264 
75.025990 
91.333919 
