72.379618 
81.381508 
64.565736 
68.957514 
65.809961 
66.261738 
66.206108 
58.429073 
-930.471046 
58.605915 
85.965445 
66.294054 
70.436762 
67.932617 
73.267443 
73.051589 
69.675141 
81.623716 
71.264464 
-930.978256 
73.773081 
68.770551 
67.523163 
64.506010 
65.204535 
71.368990 
117.116051 
72.630848 
63.323151 
68.229735 
-931.211108 
67.278292 
70.215269 
83.186778 
70.173695 
69.967940 
67.954178 
140.861583 
66.078700 
63.101915 
71.500596 
-936.903765 
106.768127 
70.662145 
66.226128 
67.392494 
68.319492 
62.469560 
69.327728 
