89.472199 
72.187734 
83.016412 
-888.540348 
100.086925 
92.642085 
88.227023 
66.913099 
67.206493 
72.522874 
75.781495 
104.785274 
68.763921 
-928.555763 
68.673501 
66.276445 
116.455574 
96.463358 
69.874385 
70.853223 
79.442527 
74.109481 
71.183826 
72.531248 
72.420158 
72.873840 
72.283796 
89.994875 
74.662701 
67.715913 
69.049667 
80.156453 
83.071120 
74.424469 
-920.270574 
65.236791 
82.884720 
73.143324 
70.706445 
67.948194 
70.167077 
81.501754 
86.702383 
72.511738 
77.421362 
-915.981772 
66.876737 
69.167199 
75.607190 
