67.505147 
65.523003 
71.075977 
102.775131 
68.352849 
69.090238 
65.422076 
-917.871989 
74.732422 
73.308055 
67.315782 
73.313727 
76.376710 
68.167772 
68.860047 
67.302842 
67.448445 
66.009068 
66.369440 
-930.496285 
67.072050 
66.081566 
83.175153 
72.616071 
69.030265 
82.062918 
70.960477 
68.252313 
73.807476 
80.580414 
-932.077312 
82.089997 
79.389255 
74.458708 
77.096684 
78.554299 
70.908656 
78.713581 
75.389496 
78.614805 
73.502525 
-925.863171 
72.410571 
75.120896 
79.763711 
71.051340 
81.977448 
80.896486 
80.515002 
