75.519695 
76.832654 
72.225617 
-933.340053 
67.797611 
67.512285 
70.964076 
87.366138 
81.850300 
72.830242 
69.097378 
73.761151 
-929.727403 
70.932950 
70.653170 
109.723389 
67.966250 
68.916786 
70.627898 
79.082317 
82.812695 
78.918213 
70.176513 
-926.296857 
88.476034 
78.241198 
76.697773 
80.114705 
79.094846 
70.864877 
68.685384 
75.731729 
65.648650 
80.937146 
-925.196398 
66.225842 
74.800792 
67.335253 
91.307089 
77.377830 
70.584479 
88.923363 
69.920749 
98.166688 
69.867848 
-921.142558 
82.520750 
73.889564 
77.739588 
