76.491725 
79.307882 
70.709849 
86.902500 
-934.267922 
70.719608 
82.959888 
83.659653 
83.074761 
79.349585 
80.753489 
74.709764 
77.629602 
76.163907 
80.709387 
-924.651151 
79.040601 
71.994092 
69.996528 
64.662834 
76.660797 
78.854918 
69.410065 
73.427577 
81.967837 
65.398460 
-925.606631 
79.083026 
66.418092 
84.941645 
63.948668 
79.976695 
82.986467 
66.642351 
75.019376 
-927.480441 
71.062400 
83.604185 
88.555697 
64.907397 
71.894084 
67.338176 
75.763538 
73.251982 
78.474535 
71.854749 
-911.803398 
78.241100 
77.537856 
