65.199886 
81.091489 
76.623137 
75.602763 
71.183575 
69.834922 
69.013673 
64.723009 
65.698129 
64.532638 
65.465160 
65.112231 
-936.390620 
64.317332 
62.858329 
81.985350 
70.947018 
65.715891 
70.561709 
61.394514 
62.059293 
63.527862 
65.882673 
53.613886 
60.756642 
69.548757 
72.243425 
67.649787 
64.327407 
64.094706 
68.378140 
65.055782 
61.303131 
61.358936 
62.723185 
61.549526 
64.051016 
-933.411686 
66.091345 
62.689289 
67.752452 
72.532008 
66.536001 
59.224344 
60.288422 
63.281748 
61.248544 
61.728278 
62.711337 
