72.508250 
69.943958 
73.171472 
65.564626 
74.857786 
72.799649 
73.136603 
75.830046 
-919.732260 
67.526400 
76.285566 
77.374034 
69.330402 
68.992659 
72.640020 
69.726823 
72.254077 
71.834266 
-921.031593 
66.946240 
68.476334 
70.853934 
78.244216 
71.395556 
76.359034 
67.614779 
78.398617 
-934.424455 
80.232206 
91.358806 
77.564210 
68.050827 
68.114325 
86.408048 
72.939547 
71.990451 
80.692584 
79.335043 
-916.841077 
75.028562 
83.290930 
86.082192 
70.753440 
75.484560 
76.421187 
74.551490 
87.100946 
73.263391 
-926.760936 
