68.975985 
82.595421 
85.240933 
79.606623 
82.222685 
67.614534 
65.503277 
72.483726 
74.256126 
83.804645 
-914.077925 
78.002106 
77.327281 
72.212769 
70.236237 
75.171010 
80.621378 
78.065372 
66.216234 
72.318618 
77.721282 
-920.033442 
85.369423 
78.036782 
73.293597 
83.098171 
76.322129 
77.673148 
66.699631 
75.726058 
80.654801 
85.124149 
79.829687 
74.699513 
80.344080 
76.767012 
73.763355 
78.690907 
70.893599 
68.410787 
66.768523 
68.564075 
77.183149 
-925.939024 
77.406077 
81.389873 
74.628710 
80.382250 
76.793900 
