69.514734 
69.861451 
69.428241 
-929.103004 
75.200432 
73.995584 
76.366737 
79.301371 
89.860509 
81.087373 
74.215145 
70.619334 
77.765335 
-927.286425 
71.818826 
70.834339 
83.760621 
81.784524 
83.370357 
85.425075 
83.768361 
75.163806 
70.733365 
83.899984 
-928.862234 
75.618938 
74.097203 
69.182342 
69.397942 
71.474136 
102.060277 
82.601769 
69.457142 
69.710750 
65.782157 
67.219786 
66.245483 
65.193446 
82.350721 
85.206855 
74.130775 
81.744896 
80.067448 
65.972428 
93.059110 
69.815789 
68.893462 
68.011614 
66.399546 
