65.838836 
69.113239 
67.148226 
67.507072 
75.677817 
81.995914 
72.216983 
71.790865 
69.117154 
-930.059474 
70.616262 
68.171996 
65.776124 
80.597418 
65.959671 
80.530854 
82.763779 
88.027565 
75.932815 
73.888534 
-927.786084 
78.300421 
71.159193 
79.626583 
95.515612 
72.071252 
78.787454 
69.206761 
86.679832 
72.400545 
-923.106961 
67.484661 
72.057419 
71.816792 
71.841017 
76.360860 
77.023717 
66.855838 
71.068109 
69.704254 
-924.325497 
73.066264 
87.847412 
80.024051 
75.259737 
82.779691 
75.494719 
77.285641 
67.246869 
