67.609427 
73.228142 
-916.219259 
70.826798 
77.262915 
64.377678 
76.099947 
74.331615 
83.363199 
90.601278 
-926.065583 
75.843460 
75.159366 
98.275566 
76.592368 
77.141279 
75.081415 
76.884213 
69.092292 
71.753967 
87.153299 
-915.425615 
78.036180 
78.319461 
71.365813 
72.389170 
65.308168 
91.647118 
75.430015 
67.916517 
70.088496 
77.844615 
-911.337482 
78.245044 
71.649077 
78.079996 
83.005824 
82.261470 
79.617271 
79.615620 
85.328861 
89.094830 
73.726379 
71.542006 
72.298023 
68.755740 
66.512883 
67.233863 
68.088502 
