66.802449 
78.237387 
78.996695 
80.156996 
72.798519 
-924.528429 
83.870696 
100.228902 
76.260710 
69.740641 
65.685172 
74.789920 
71.827569 
75.715575 
72.494874 
86.573985 
-930.847913 
69.865828 
71.786593 
71.558958 
81.385004 
71.994055 
81.309410 
83.335717 
82.143032 
81.742360 
-927.248715 
68.304573 
74.982219 
69.480649 
79.482376 
67.282334 
66.516389 
67.887507 
67.185111 
69.680106 
77.032149 
81.017619 
66.084955 
78.820291 
82.444178 
90.119829 
86.362164 
79.753493 
77.634535 
76.372199 
92.864777 
84.058321 
-920.975743 
