67.726859 
72.600312 
72.470479 
69.554478 
65.045715 
65.665485 
65.372896 
69.854907 
80.780260 
65.186023 
64.805129 
-933.156079 
69.161734 
67.970148 
77.034951 
70.737691 
68.443930 
68.147753 
70.668924 
64.188047 
73.319908 
71.399822 
74.993300 
-936.121059 
66.733829 
79.042893 
84.520437 
70.805306 
72.888279 
64.079546 
66.125640 
62.754552 
64.075107 
62.337648 
58.920324 
-932.344762 
69.838151 
74.391434 
74.910260 
60.742594 
74.371611 
72.643198 
65.597540 
65.817465 
61.742638 
63.174826 
67.913847 
-932.850630 
60.986600 
