57.302104 
66.651189 
62.363763 
57.499009 
69.649337 
73.129595 
65.083509 
68.567492 
66.428398 
62.107779 
63.844453 
-932.845996 
67.833202 
77.655641 
75.714376 
69.190859 
73.883388 
71.312407 
73.314775 
67.656795 
66.376783 
75.880006 
-931.609007 
69.090478 
70.966511 
72.521629 
64.140555 
71.502241 
80.211217 
75.826066 
75.482229 
79.033758 
99.818010 
-918.824678 
76.230441 
68.948295 
80.845556 
78.358865 
70.361232 
70.572431 
71.851202 
74.038385 
70.720990 
77.379052 
-928.489846 
73.360160 
68.532186 
72.236855 
72.966411 
