77.399006 
75.681785 
70.628661 
75.955309 
70.955525 
64.960074 
-931.603396 
65.287096 
70.516573 
67.015988 
74.546546 
64.811973 
68.245383 
71.731830 
77.786082 
75.036860 
80.802761 
-919.755738 
71.612660 
78.267454 
87.215988 
81.390329 
71.919415 
70.422681 
76.655614 
85.802157 
69.484841 
77.586491 
-923.302965 
71.745969 
78.060821 
78.089506 
76.788969 
75.203821 
72.543414 
66.057452 
75.553580 
71.973925 
68.776259 
70.335300 
84.678277 
70.666886 
73.135955 
69.930154 
75.777184 
74.306332 
75.639887 
68.510134 
75.572242 
