68.011423 
70.716160 
-925.107845 
71.740421 
67.838763 
70.589684 
85.973589 
68.982912 
65.780122 
73.217056 
65.182375 
75.286683 
80.292873 
-931.053043 
77.392393 
69.049490 
83.658406 
79.886434 
69.457282 
71.376875 
68.913234 
75.769341 
76.607719 
81.973303 
81.913645 
70.685559 
73.396619 
73.151397 
70.958778 
73.682910 
72.193773 
70.588518 
68.735687 
72.097913 
69.369723 
73.763112 
-912.329581 
75.736184 
83.191006 
62.324741 
73.262522 
68.453718 
74.493965 
71.383131 
74.671086 
67.957884 
72.170310 
-915.757062 
96.008818 
