69.553673 
-914.198311 
74.907101 
76.521748 
69.799562 
70.276206 
69.867890 
70.375011 
72.527747 
68.401338 
71.105371 
70.413853 
-933.460894 
66.524191 
66.314634 
69.183741 
64.152344 
77.233867 
66.588770 
62.875962 
67.094963 
64.835565 
72.272020 
71.490588 
69.310582 
70.006365 
71.859708 
71.991519 
69.537670 
67.796577 
67.625884 
70.081987 
65.505173 
61.418627 
71.384333 
69.008340 
67.815855 
72.972462 
69.190881 
78.345922 
87.201208 
88.874672 
94.839721 
65.785279 
69.526597 
66.535349 
58.073262 
66.461449 
68.872444 
