72.618296 
75.313737 
72.436782 
59.245050 
72.473699 
68.511864 
74.791928 
75.687400 
69.013582 
-927.163023 
68.197580 
78.738000 
75.189129 
77.543945 
80.759908 
77.032567 
75.030016 
76.496565 
69.472570 
78.683145 
-932.982144 
66.400535 
91.454233 
72.418657 
73.965535 
86.955749 
70.703422 
77.053826 
71.236144 
73.589713 
65.993580 
74.839707 
69.933578 
76.089014 
66.505098 
70.937180 
76.642009 
87.720120 
65.775291 
66.549434 
73.791834 
80.964222 
83.361893 
78.007111 
77.710478 
91.011388 
72.932183 
76.849483 
75.875132 
