71.330062 
76.927897 
76.931080 
82.409401 
-926.856653 
82.656048 
73.632572 
83.101551 
72.569837 
68.733966 
72.400801 
92.451392 
74.517419 
76.675525 
67.540150 
-933.295676 
72.508306 
70.247164 
73.799544 
95.644338 
78.722701 
71.278374 
78.216646 
83.772282 
71.405004 
74.498166 
76.217730 
67.963167 
67.538764 
73.124299 
75.035250 
75.133668 
70.256269 
74.638904 
74.153614 
74.407202 
78.479216 
-927.094347 
71.846299 
75.478874 
79.163681 
79.562548 
70.817502 
68.900530 
67.154213 
70.033897 
80.353365 
72.139758 
-920.610867 
