68.621799 
67.934029 
70.646157 
70.385033 
66.536317 
90.127581 
71.632442 
82.939532 
77.384433 
74.800253 
-928.312151 
77.127287 
67.943758 
73.123051 
79.903851 
81.684414 
69.539996 
65.018880 
78.183633 
67.832494 
69.236638 
76.758281 
79.458033 
81.570934 
75.184746 
98.552258 
84.241395 
79.972719 
74.712261 
68.470319 
-909.666343 
72.401255 
68.492266 
73.583698 
78.463412 
71.604647 
81.436331 
77.973268 
87.862949 
77.456148 
74.404405 
-921.461402 
85.225586 
77.847323 
73.881386 
75.007019 
74.153084 
79.854597 
72.682662 
