87.411425 
77.330309 
73.385120 
-923.103984 
71.406032 
75.518225 
64.747714 
71.377401 
79.879600 
63.201578 
68.764668 
73.766513 
81.837596 
69.458602 
70.858148 
66.897342 
80.516026 
74.500759 
76.211691 
70.189754 
71.047505 
76.631466 
72.713588 
72.865417 
82.335477 
72.798014 
70.428548 
79.655848 
79.077392 
74.542666 
72.731706 
74.313067 
65.947909 
74.646392 
78.910109 
76.408185 
89.757540 
-927.638714 
82.550920 
75.553727 
71.836157 
78.416178 
73.595717 
87.541084 
79.062539 
76.033321 
76.914748 
69.663775 
-927.793872 
