82.262790 
76.634523 
74.367654 
73.601590 
80.939711 
78.341759 
76.247575 
68.974859 
69.055654 
74.997427 
-922.153701 
77.842703 
73.197801 
80.099341 
80.501879 
73.598597 
76.401378 
69.372331 
70.883819 
70.703250 
74.967539 
-924.705410 
69.730675 
74.623123 
85.891252 
76.493004 
69.453355 
85.320497 
92.083700 
78.475108 
73.935370 
81.230485 
-922.864507 
69.821430 
73.930794 
72.879214 
64.970429 
73.539815 
75.624173 
69.910210 
72.605749 
68.765624 
76.860189 
-928.207005 
69.113811 
75.507436 
74.012494 
77.667132 
76.499193 
