62.208006 
85.600105 
66.128057 
67.422186 
64.821670 
-908.025124 
73.219148 
74.579278 
93.508767 
64.815791 
79.209342 
94.231036 
77.089816 
91.556113 
82.408761 
67.322564 
-922.163706 
71.673104 
76.580648 
69.063073 
75.820083 
72.491026 
75.681374 
83.819231 
68.797380 
76.058796 
78.087940 
-923.045318 
75.646204 
68.407062 
66.165112 
76.110086 
66.484897 
71.523551 
65.493014 
70.636550 
67.245751 
75.345959 
72.279467 
72.892820 
74.895715 
72.910400 
78.929271 
74.328862 
90.477663 
66.024416 
80.839048 
79.313536 
68.913285 
