-924.025172 
73.601357 
72.005301 
68.487941 
68.167131 
84.061166 
74.884152 
77.750164 
81.660949 
65.138910 
74.257684 
73.908164 
-925.861814 
68.689106 
68.011977 
73.979264 
67.605613 
66.932315 
66.930928 
72.917241 
73.502848 
76.539644 
70.475377 
-922.421443 
66.183670 
68.613433 
77.445058 
70.534056 
78.591100 
74.402581 
79.060228 
76.734040 
77.021873 
74.293931 
-926.007527 
75.114139 
73.946784 
78.177661 
71.275711 
76.432531 
70.532077 
80.868920 
75.700713 
78.039548 
73.358644 
-921.942944 
77.837031 
67.348616 
77.773990 
