78.792758 
71.162017 
75.269376 
77.888020 
79.517669 
102.255507 
67.322382 
-925.878640 
81.567589 
68.189382 
69.905277 
71.293429 
78.021983 
68.754346 
79.680235 
77.058628 
77.180364 
87.105339 
65.445634 
71.098288 
74.969402 
75.903608 
70.966402 
79.083962 
68.988191 
88.346052 
65.903758 
91.780544 
70.848330 
76.185324 
72.663884 
75.040558 
73.371833 
77.414942 
71.708738 
70.742043 
85.838227 
80.247842 
91.273469 
82.991272 
83.253313 
82.456663 
72.065075 
74.515429 
81.024731 
70.608575 
67.651629 
69.915559 
74.756372 
