-910.629739 
89.187664 
74.701024 
65.432717 
81.214694 
80.527569 
72.160981 
79.456378 
74.887026 
73.832296 
79.562624 
-928.804614 
87.881883 
79.598657 
71.612426 
68.082157 
72.553182 
78.610669 
83.116224 
77.239489 
75.815807 
69.543297 
-921.705341 
82.943136 
90.875002 
67.815920 
86.588210 
90.400668 
91.564506 
68.753867 
68.560095 
68.862667 
-926.645329 
72.207240 
67.177386 
86.633705 
79.498204 
68.690570 
78.459871 
72.203938 
66.077469 
80.020335 
80.905634 
79.523829 
77.391882 
92.208565 
91.105175 
68.325748 
80.427742 
