72.683049 
80.518992 
75.869529 
71.029462 
80.494624 
-926.628618 
78.813091 
75.461309 
85.483809 
77.372850 
71.765027 
75.452112 
70.634513 
67.295610 
-928.303062 
69.019099 
84.926415 
73.025811 
73.298614 
69.582207 
71.244265 
70.663341 
80.422082 
72.016697 
83.177091 
-928.175421 
72.028084 
81.979268 
87.786888 
76.459459 
93.844065 
74.845135 
75.242670 
67.590507 
70.502266 
80.908316 
-918.653583 
75.333376 
84.979004 
68.439882 
67.552832 
70.659139 
76.768471 
69.081800 
93.846560 
71.071156 
79.791100 
67.740826 
72.732716 
