68.210332 
71.814544 
63.393217 
69.950823 
74.680165 
74.775325 
70.475482 
65.761282 
72.055777 
65.151233 
-928.151857 
65.888493 
65.790805 
74.748058 
62.169342 
73.482015 
65.007300 
76.211871 
68.772330 
66.812378 
79.230979 
69.536227 
-932.026966 
68.557480 
70.033784 
66.247076 
70.598059 
68.142436 
72.355233 
78.716078 
69.032183 
68.330995 
74.238931 
72.787959 
-933.105556 
72.083273 
73.480989 
66.084961 
62.267180 
69.399450 
71.271578 
68.084303 
71.305054 
66.740078 
67.469393 
65.776846 
-939.466061 
73.066322 
76.556534 
