78.109590 
74.640575 
89.891348 
88.149010 
74.060867 
76.117432 
76.164744 
73.755781 
-926.831958 
75.152368 
71.207313 
73.246102 
85.976119 
69.458866 
75.633065 
69.583306 
81.798858 
75.460340 
71.265556 
76.256216 
75.237760 
70.144684 
69.738462 
80.578168 
86.712017 
85.222367 
77.987603 
91.851089 
78.001837 
72.784138 
-926.454403 
73.611412 
72.451150 
66.696855 
77.038175 
76.008709 
75.121709 
69.126655 
77.573249 
85.915760 
85.432418 
-920.133370 
73.532412 
70.557000 
92.491114 
73.877989 
84.966750 
67.486392 
86.373649 
