76.591414 
74.967714 
77.029551 
-927.683686 
70.688810 
75.351487 
75.381588 
66.240868 
65.812130 
82.993281 
102.680659 
91.424313 
72.301458 
-918.268642 
73.393671 
73.815463 
78.690394 
71.062609 
71.728478 
74.600247 
78.882029 
81.994582 
84.029926 
74.551422 
-929.166843 
70.229178 
75.065126 
74.088502 
69.323318 
76.513253 
69.092290 
64.996212 
74.575039 
87.023018 
77.943430 
74.420519 
-924.771816 
80.464576 
77.972611 
81.546531 
80.739693 
84.334389 
72.132052 
82.298203 
80.104361 
103.565753 
-921.948782 
69.515499 
70.073672 
