73.741868 
76.409210 
69.674080 
75.165540 
75.108672 
75.997326 
70.570972 
69.159399 
-928.397748 
69.389992 
71.035237 
70.689998 
71.080784 
75.914563 
78.801471 
70.597020 
67.762906 
81.884866 
83.767056 
-921.724401 
72.594237 
75.555029 
71.944294 
71.091747 
71.441346 
75.230950 
79.958815 
95.284340 
74.908441 
82.652806 
-919.963460 
77.881036 
82.698367 
72.446542 
78.792894 
70.012755 
70.255593 
74.035927 
71.519980 
71.609342 
72.701851 
-914.587180 
67.301444 
70.224267 
79.265102 
70.907409 
78.015753 
83.336550 
66.272518 
