75.207260 
72.551442 
-929.987222 
77.420864 
64.611060 
69.385845 
68.440788 
66.521856 
71.043529 
79.904018 
74.152695 
63.504529 
69.407030 
74.921996 
-930.661260 
66.540132 
66.738906 
64.282275 
72.926603 
63.667187 
66.353512 
68.729177 
84.659972 
73.738406 
69.708898 
-924.261113 
64.685500 
66.616870 
73.969581 
58.067884 
64.498136 
68.432075 
66.081143 
66.954160 
62.762600 
63.862178 
78.629351 
71.327370 
-910.923752 
80.243877 
82.654891 
86.994556 
78.040574 
74.489948 
85.030641 
71.420503 
73.335229 
69.172771 
-931.358809 
