69.932713 
79.250018 
69.156007 
74.927711 
70.763294 
63.506408 
69.813554 
71.476119 
75.202443 
80.891505 
74.549526 
77.481095 
78.157272 
74.091718 
67.378478 
68.925096 
67.095996 
73.413443 
68.531766 
69.852191 
66.656368 
66.691835 
-929.013312 
68.747520 
66.254959 
70.791117 
84.880178 
67.054849 
70.374246 
70.195483 
76.567222 
68.701213 
-931.469697 
68.047524 
71.100090 
68.807472 
82.384990 
69.275389 
69.978684 
68.333321 
69.113074 
70.100791 
69.843939 
74.290560 
77.227475 
69.540539 
82.945753 
75.460997 
76.094401 
