76.597645 
73.008503 
72.851234 
74.138584 
68.712828 
70.223802 
-925.771361 
76.995668 
69.439684 
72.346668 
79.907429 
74.895776 
65.740984 
64.714550 
67.201931 
64.783909 
67.177434 
-935.176256 
65.278162 
67.402167 
72.345518 
80.020104 
77.582161 
89.520081 
70.287099 
74.581046 
83.791885 
69.680939 
67.593722 
69.141508 
74.097321 
105.583139 
86.755621 
78.273778 
72.377386 
86.403051 
73.291694 
89.228154 
82.648184 
-925.683400 
70.975954 
68.358475 
73.568636 
90.058417 
68.953568 
64.836607 
76.807477 
74.923033 
72.995683 
