65.046083 
-933.290316 
73.726051 
66.567443 
76.849528 
66.851424 
66.649771 
67.169925 
79.302437 
65.635342 
72.274513 
75.577029 
77.308786 
86.809591 
76.738361 
72.761993 
75.940646 
67.516182 
68.861850 
72.633461 
70.348980 
68.486883 
75.348813 
67.887739 
-928.931284 
76.204905 
69.400356 
76.649003 
69.457752 
68.880463 
73.531636 
71.274772 
74.544124 
73.940689 
72.887814 
-932.011915 
71.848671 
74.028470 
67.621890 
69.266433 
68.782620 
67.146429 
86.666274 
72.464160 
75.657851 
84.212688 
70.485748 
-932.146411 
74.713102 
