66.700722 
66.486439 
66.378054 
70.166127 
69.338341 
71.900541 
76.567751 
74.297252 
72.459567 
-927.352484 
77.498686 
62.603302 
77.553897 
73.977167 
71.833178 
79.642370 
70.165697 
85.062471 
68.276233 
83.243435 
-923.449693 
77.461044 
70.887251 
78.245343 
77.817122 
72.527716 
75.613834 
65.077121 
68.357348 
68.410509 
77.522202 
75.583578 
-930.094108 
84.699451 
72.395418 
83.642310 
71.672727 
71.902742 
70.378012 
75.727080 
67.058991 
72.803497 
81.419287 
-933.278133 
68.132328 
98.123020 
69.703459 
75.781354 
71.984827 
