80.249739 
77.813718 
71.831993 
-918.745154 
71.540431 
68.492789 
69.922246 
80.747448 
74.255658 
77.470509 
69.398019 
79.559137 
69.420687 
69.162865 
-905.250801 
72.206061 
70.196354 
77.289201 
68.937585 
98.825303 
80.982494 
80.550517 
67.530232 
62.749939 
87.004629 
71.769019 
79.388487 
69.216541 
76.693180 
78.110312 
72.762237 
75.364402 
70.800736 
101.360450 
72.163365 
-906.816824 
114.999446 
71.731491 
88.796889 
80.237965 
75.318295 
65.242329 
70.213546 
73.738031 
81.799115 
-916.363236 
77.717367 
87.937121 
75.947659 
