68.639177 
80.390195 
65.245727 
77.595250 
78.335163 
71.067181 
70.860477 
76.411745 
73.376272 
78.472074 
81.298802 
67.941885 
74.468421 
70.481707 
71.790241 
67.055057 
72.472891 
-930.402855 
68.354713 
86.254267 
85.310354 
80.055103 
64.539380 
74.119523 
75.845672 
71.587952 
71.514668 
82.856630 
72.197763 
73.541178 
80.846569 
73.758716 
90.895210 
73.197346 
74.994092 
71.271144 
71.566127 
68.170923 
81.910003 
-922.339912 
71.815969 
80.680176 
77.078692 
80.320103 
69.120863 
73.784331 
61.286829 
79.379430 
67.486841 
