72.986519 
66.655863 
66.802325 
65.678256 
81.096648 
71.963620 
78.169988 
72.755485 
71.230595 
-930.094084 
74.807513 
68.112447 
73.280300 
76.199593 
69.615396 
71.660768 
67.995379 
64.011075 
74.401253 
72.403672 
66.933434 
-929.383477 
71.809785 
63.958199 
66.439896 
66.933390 
69.472383 
62.737569 
66.766550 
73.540834 
75.302950 
65.376787 
76.672571 
70.712437 
81.495581 
72.139709 
63.071563 
74.674509 
76.065018 
69.483365 
74.555031 
79.349349 
99.372503 
-925.760874 
68.008490 
72.654896 
69.283297 
66.926865 
68.167871 
