75.080845 
-923.305349 
68.535310 
79.060667 
85.456564 
72.616866 
69.456171 
76.917192 
77.681204 
67.244350 
76.723936 
73.020931 
-929.458798 
67.743180 
75.584691 
68.711559 
69.342980 
69.950400 
81.185150 
78.503153 
74.853191 
101.173051 
71.511461 
-925.012956 
72.343756 
71.262925 
80.464240 
75.516298 
70.260217 
93.670697 
71.988732 
82.017936 
69.675272 
72.489634 
-924.336860 
76.254093 
73.864649 
77.876900 
71.708241 
79.496792 
82.943771 
68.479984 
76.989275 
90.624249 
71.310716 
-927.308992 
69.680705 
74.755500 
71.471138 
