74.984406 
82.917016 
70.422427 
84.986608 
68.857841 
66.633863 
65.621944 
67.116401 
67.020404 
67.249017 
76.730934 
68.912344 
70.910316 
65.545399 
65.121561 
66.423282 
78.872923 
68.115951 
65.214870 
64.915537 
65.805564 
77.124860 
75.377738 
76.134857 
76.010467 
72.676331 
74.698091 
71.826408 
67.841052 
80.207351 
-919.565978 
78.836692 
72.924231 
70.743570 
77.963518 
69.208169 
70.716681 
70.942239 
88.805107 
76.858441 
75.143751 
-925.206041 
63.987188 
81.808061 
66.145354 
71.871459 
67.466081 
66.826196 
76.527729 
