82.179943 
70.172759 
76.704200 
-926.049608 
70.881621 
66.112705 
73.154753 
82.751819 
69.279744 
92.997088 
74.589488 
80.146525 
98.793743 
101.513297 
93.723928 
90.811491 
72.694459 
87.644508 
73.972171 
70.965211 
73.034839 
86.574430 
71.045773 
80.640831 
-922.451812 
74.862469 
83.324485 
72.740883 
71.667191 
74.312163 
73.277705 
76.702587 
71.047300 
68.345968 
81.356062 
-929.355211 
77.450963 
80.156159 
81.853937 
79.347774 
81.220403 
73.293706 
62.584974 
70.346086 
73.514958 
76.007583 
-917.908236 
67.207404 
64.984153 
