71.086220 
77.979997 
72.433379 
69.113007 
67.167376 
82.198438 
75.959791 
81.616500 
-928.118603 
82.779482 
75.469817 
94.677035 
76.855862 
70.366709 
76.404125 
72.157851 
73.355210 
72.562497 
67.822574 
-917.921995 
74.035733 
68.760699 
89.633065 
71.752438 
71.976779 
67.610690 
64.786954 
68.449210 
73.990908 
72.162835 
70.492815 
65.446292 
74.923612 
84.566799 
72.066205 
69.944789 
67.218404 
75.644102 
68.778855 
80.185362 
76.100421 
81.867098 
-924.066289 
71.462137 
78.183912 
76.866183 
73.985263 
85.936622 
70.347781 
