75.930012 
85.756667 
66.071124 
73.450114 
-928.841365 
78.292396 
88.588283 
79.882701 
77.047244 
67.354929 
71.524592 
80.573597 
79.358125 
71.827541 
75.071316 
77.991807 
75.564151 
70.054792 
75.402792 
83.458720 
85.943507 
79.136759 
65.042910 
69.343502 
68.770273 
66.647124 
-932.875256 
82.615702 
78.458451 
74.060540 
77.932018 
77.759623 
68.598924 
76.146572 
69.846674 
76.589088 
90.779130 
-919.879674 
76.266775 
72.345115 
67.622049 
74.071889 
73.374234 
76.684582 
82.212791 
78.155160 
88.296573 
70.568167 
-927.685212 
