67.615559 
66.038861 
63.166290 
68.513111 
71.638744 
76.809577 
84.912275 
72.206095 
75.091986 
75.000035 
-918.995857 
72.008385 
73.381801 
76.790603 
71.926753 
72.739502 
87.452757 
81.506933 
96.161566 
68.419739 
71.872556 
-928.159984 
74.136339 
78.631870 
75.037362 
77.985479 
66.032825 
75.677588 
78.242127 
85.342702 
76.479409 
73.280676 
-929.183525 
67.302016 
66.206053 
72.852894 
76.583274 
71.391858 
67.203661 
68.683239 
76.445666 
78.095919 
81.679996 
86.916610 
78.959350 
74.742729 
73.798624 
79.497151 
81.544241 
