71.859315 
81.577980 
81.663717 
84.456827 
71.755989 
-925.073338 
74.113374 
70.134746 
69.791511 
73.057971 
72.589185 
75.725809 
70.474865 
75.670279 
81.093564 
95.150548 
-924.009794 
76.757760 
90.850984 
69.698695 
80.258365 
68.727447 
83.109622 
86.143720 
71.168898 
83.802729 
75.784624 
-927.299287 
77.008570 
67.488418 
78.058866 
73.106880 
67.071573 
78.108046 
74.114148 
75.257033 
74.935809 
91.241895 
-908.092461 
70.546302 
85.242821 
82.319122 
86.089449 
66.771802 
76.003726 
79.283652 
85.736405 
83.459324 
-918.009167 
