81.199399 
77.710986 
79.229557 
62.392984 
72.376154 
65.361917 
71.260548 
73.644101 
75.749109 
68.654676 
-922.564496 
70.569863 
77.940614 
68.206757 
74.580071 
78.135453 
72.334778 
74.482815 
78.047878 
84.641480 
80.366551 
-914.604327 
72.952524 
70.453369 
87.979576 
72.556971 
81.418307 
77.046483 
74.320722 
68.630148 
70.295595 
70.286478 
-931.149868 
69.239443 
70.389355 
73.447695 
77.388821 
78.888213 
68.295272 
84.345910 
76.028260 
82.698587 
70.549788 
-918.902087 
89.275329 
70.450648 
72.339647 
71.576648 
69.290483 
