90.011686 
75.283156 
78.218663 
83.623143 
69.781524 
-925.958176 
81.476675 
78.997534 
74.568607 
89.769482 
75.846107 
81.494976 
77.169662 
80.070796 
70.767460 
73.622702 
-915.693608 
78.859627 
81.039871 
70.620172 
71.298502 
81.694197 
77.480151 
72.651156 
76.459643 
74.869358 
81.345141 
-924.250792 
75.261228 
80.290396 
77.447109 
84.154251 
78.975845 
77.414181 
82.415862 
71.496031 
73.492541 
68.551614 
-928.355526 
70.818958 
71.859274 
80.251842 
83.591858 
84.961066 
75.187399 
75.253180 
74.759459 
70.009000 
73.085530 
