-916.993863 
78.117945 
77.937092 
78.302201 
83.778677 
79.935570 
74.154038 
78.138925 
85.301828 
76.159614 
-916.409510 
69.164273 
68.527849 
66.983500 
69.456395 
74.228046 
75.176690 
79.828683 
78.403039 
81.004763 
71.132312 
63.271131 
72.564931 
78.586546 
74.382532 
71.183414 
70.476749 
68.398172 
67.173912 
64.758431 
75.757711 
-926.101577 
76.242749 
74.899153 
75.371435 
76.521893 
72.195987 
69.239787 
77.524521 
70.769002 
73.039047 
72.916521 
-915.240173 
77.345922 
69.100722 
72.798312 
77.442370 
69.049831 
82.297708 
