66.233502 
70.024842 
64.458514 
65.415338 
67.008048 
82.924834 
-928.164943 
69.589436 
79.038731 
64.638773 
69.304890 
70.384748 
71.176748 
69.343713 
67.700670 
71.034163 
65.392933 
81.455189 
-931.126776 
73.562731 
64.774964 
75.152070 
83.794924 
73.836510 
78.125983 
71.711441 
64.853723 
66.490977 
70.051265 
67.448378 
66.209684 
63.492325 
64.208075 
69.070031 
65.595269 
81.901821 
73.589669 
81.813642 
-902.494622 
79.726909 
78.274805 
77.056338 
68.588827 
77.802634 
68.110681 
69.480765 
69.540341 
73.324917 
72.767759 
