72.286756 
89.168106 
78.260728 
77.368433 
-919.521534 
77.395443 
75.483494 
75.568833 
71.965202 
77.217493 
72.075998 
75.043227 
73.819879 
73.295623 
66.591700 
-923.309383 
79.403657 
85.624832 
77.434685 
78.327820 
77.032917 
77.655428 
76.790528 
69.293811 
89.104907 
73.708490 
-926.800419 
77.887895 
73.688290 
73.664578 
68.272246 
72.209546 
70.547362 
81.160275 
82.167788 
78.166399 
87.224227 
80.404885 
79.315496 
69.497169 
68.936106 
71.921936 
83.398531 
76.918528 
74.779760 
86.299405 
69.711403 
79.182223 
69.846518 
