70.114298 
76.688309 
72.110621 
93.271018 
76.178967 
76.342096 
71.187913 
69.086395 
79.457116 
77.447998 
85.443698 
75.328067 
67.310806 
70.006790 
67.777748 
76.216437 
70.619997 
73.062003 
72.750922 
74.406817 
71.536603 
-918.584461 
69.023358 
69.554908 
78.107973 
73.492565 
73.454511 
75.006047 
82.000973 
74.630980 
77.290603 
80.400804 
-911.164617 
66.907370 
75.357261 
75.997245 
65.261734 
74.148294 
81.544621 
71.035523 
68.666447 
69.925381 
73.003863 
-915.876289 
85.579734 
89.448838 
67.585059 
74.709383 
72.243888 
