78.253746 
70.514865 
75.054014 
74.582318 
66.871605 
-921.625855 
74.312482 
81.927393 
66.926736 
70.681909 
71.212205 
73.043469 
70.438108 
79.954771 
76.439028 
77.819416 
-919.865018 
72.705004 
84.644374 
78.044866 
68.107650 
76.286532 
74.043242 
82.528526 
80.002835 
73.276111 
78.384730 
-925.912537 
83.763939 
69.512885 
79.272586 
69.774767 
70.869256 
74.484430 
77.302975 
72.894798 
68.498049 
83.444970 
-920.078921 
79.836523 
67.262161 
73.928821 
70.251672 
82.069926 
68.357622 
62.291755 
72.659607 
70.017970 
70.835428 
