-925.196312 
72.824049 
71.908403 
73.366319 
85.644451 
77.034611 
72.591829 
69.552200 
74.381423 
71.502627 
68.892877 
82.559261 
70.913322 
68.817929 
73.678942 
78.415306 
81.006828 
72.635889 
72.215941 
75.130902 
73.202937 
74.870934 
72.402099 
-925.315928 
75.356318 
76.266849 
68.540075 
73.466794 
77.353545 
67.542099 
67.812916 
80.486573 
78.830247 
75.495562 
-922.521126 
71.086448 
86.755122 
73.036289 
78.812127 
74.649118 
87.827293 
73.998663 
66.448103 
-927.932926 
84.303406 
75.473230 
74.000871 
75.479200 
84.773050 
