97.830074 
88.063024 
65.608564 
86.595267 
75.608317 
68.945991 
74.929830 
69.265222 
74.837757 
79.301468 
74.412846 
68.497665 
67.500967 
68.279003 
76.557890 
70.096811 
-921.296378 
75.552739 
76.786449 
70.178992 
83.525674 
75.375937 
69.994534 
68.036715 
71.903247 
85.265118 
87.019412 
-931.691928 
69.742529 
71.351621 
79.691817 
66.496884 
75.337741 
81.983876 
81.914429 
80.554329 
78.480194 
83.571430 
-924.145105 
88.879769 
83.944025 
68.517291 
67.193885 
67.878248 
83.949258 
67.428819 
82.036445 
82.984980 
79.611332 
