-930.287440 
71.382751 
80.814920 
83.444925 
77.947540 
81.808104 
81.001066 
73.664457 
93.295387 
69.121971 
86.689477 
-914.867405 
71.194385 
72.333773 
79.902986 
73.047148 
78.992794 
77.790397 
69.140907 
89.745681 
83.417274 
77.214489 
-918.766885 
81.187195 
76.855793 
73.888107 
77.289034 
77.644654 
70.024117 
84.055246 
-920.836325 
78.167029 
73.108441 
74.297939 
75.864948 
74.332412 
84.867778 
75.977562 
71.790168 
69.562407 
71.733285 
-929.928102 
70.530217 
73.772907 
69.533749 
70.580792 
70.076228 
71.487598 
71.660146 
