77.634609 
79.141222 
79.897401 
70.859920 
68.592926 
66.636799 
75.572464 
73.863227 
77.198928 
73.912928 
71.643528 
67.919086 
72.246342 
82.522963 
72.861097 
-919.981683 
75.963469 
85.590809 
69.862245 
68.034838 
68.141612 
79.106460 
86.210141 
73.302921 
-923.424633 
70.352578 
75.840790 
70.648443 
79.004925 
72.084707 
70.006796 
75.678646 
79.769653 
69.275858 
78.820507 
-923.775208 
82.595120 
82.667162 
72.804508 
69.791233 
68.306364 
68.483106 
73.443802 
60.065448 
77.633356 
66.717711 
82.398514 
72.802760 
73.977567 
