80.526734 
69.370007 
68.608265 
69.218026 
68.303295 
68.869409 
68.833527 
70.990847 
75.158805 
-929.545262 
72.903360 
72.205788 
70.781587 
75.477410 
76.015238 
67.445788 
79.625327 
73.427049 
84.257021 
74.863640 
-929.332458 
71.590191 
76.046453 
85.064962 
80.866042 
74.759063 
72.214393 
87.359718 
74.191181 
70.551604 
72.722898 
-925.549987 
72.431837 
72.738165 
92.391674 
67.606633 
67.550236 
68.391535 
67.825683 
69.452521 
67.297069 
73.790442 
-927.251033 
68.926331 
69.792873 
67.641856 
74.321556 
77.397499 
69.829866 
