84.409101 
87.312481 
73.437026 
71.368480 
68.596697 
82.250628 
81.945651 
77.742543 
83.370254 
85.921085 
73.695236 
67.988912 
71.694485 
67.426178 
65.839082 
-933.513455 
69.401127 
74.054786 
82.488709 
83.780183 
70.065433 
70.308538 
69.369182 
70.982825 
71.709467 
72.605542 
68.669992 
-938.164282 
74.452671 
71.741909 
77.346499 
82.678260 
73.914646 
70.682596 
73.768030 
75.295753 
65.190986 
73.942802 
-929.819483 
85.067864 
75.608978 
72.260031 
79.142288 
80.071783 
72.984077 
75.323633 
72.976165 
-931.211137 
59.996202 
