67.817215 
68.499881 
69.570823 
73.136861 
92.625921 
74.377481 
71.526169 
66.858590 
71.499349 
-929.437240 
78.159569 
71.452131 
100.475408 
86.526304 
77.468696 
68.982259 
68.361816 
67.569319 
72.266434 
68.968499 
-838.505499 
72.875576 
72.044346 
66.223526 
68.867674 
67.116181 
68.614621 
80.196200 
72.664734 
66.084793 
77.824388 
-933.682547 
69.224786 
79.107184 
99.343118 
84.839374 
70.944022 
86.316497 
104.097021 
85.871958 
70.637881 
-912.346548 
79.626446 
97.586130 
73.091465 
83.416634 
76.151383 
70.943342 
93.197955 
