-931.383053 
67.643853 
76.904561 
72.992473 
75.773165 
71.936477 
66.361014 
62.548203 
70.836953 
70.108734 
70.341706 
74.672270 
-929.548639 
80.836208 
65.881095 
65.174788 
70.103412 
69.871355 
66.180432 
63.596826 
67.541583 
70.572869 
65.489417 
71.111118 
74.466915 
79.075909 
81.344632 
75.986643 
75.807813 
66.118312 
65.484662 
75.072933 
65.632193 
67.540595 
67.560113 
-930.557666 
89.234790 
72.849057 
82.875731 
69.498297 
73.801976 
78.251727 
75.007886 
76.182567 
73.136483 
75.144461 
74.382821 
74.035417 
74.454609 
