85.354113 
76.748014 
-924.607740 
66.361502 
96.386070 
68.346512 
101.260629 
80.145027 
74.976845 
91.865331 
77.950355 
70.114952 
-889.196501 
76.517920 
83.631246 
70.577740 
66.918495 
67.830054 
72.704871 
70.661390 
74.970429 
73.318050 
81.905485 
-915.239174 
80.356392 
67.268216 
69.697238 
71.220642 
71.715670 
66.126755 
70.313512 
73.691844 
84.745163 
68.567652 
-930.357196 
86.739823 
72.007741 
74.074573 
80.099617 
67.983952 
79.365702 
75.137238 
71.363730 
73.213723 
80.092046 
-931.220105 
74.375402 
73.026439 
70.756404 
