81.370918 
85.016357 
77.567163 
77.053791 
73.579782 
75.497005 
97.257153 
70.500998 
73.737665 
74.998001 
64.822651 
69.831236 
80.722991 
77.074223 
68.395382 
69.181574 
66.881797 
76.464447 
-922.645847 
77.831950 
70.016858 
74.899704 
65.975441 
69.276186 
69.960362 
73.884463 
83.218146 
72.555605 
77.211582 
-920.589886 
79.679883 
72.073013 
74.215316 
63.337974 
71.651447 
74.968956 
73.382902 
87.119413 
82.283998 
72.284604 
-917.429358 
68.116348 
73.241522 
75.425008 
76.691305 
82.534474 
84.951586 
77.738038 
77.189088 
