80.593252 
71.029627 
68.665511 
76.379087 
72.595842 
76.648888 
72.133239 
72.044124 
75.219464 
74.041730 
70.598921 
-922.313084 
75.546941 
69.953207 
67.523919 
78.979883 
67.614856 
78.128862 
71.647664 
74.925518 
70.833634 
74.782588 
-904.354702 
69.082206 
77.993054 
74.764866 
69.739884 
76.598211 
69.104381 
72.582032 
70.347487 
74.743950 
70.981604 
73.207141 
-920.850890 
85.125160 
80.345890 
94.686251 
84.370562 
65.379320 
69.701792 
74.628231 
58.916107 
-936.119462 
66.505470 
62.419757 
66.030697 
67.114195 
68.947288 
