70.485806 
95.979692 
75.914909 
74.618300 
94.661969 
-931.215023 
85.679542 
81.365215 
85.128445 
75.894230 
74.394246 
68.240163 
70.493173 
71.387390 
73.486968 
71.096678 
-931.608718 
76.297054 
81.491258 
89.440712 
84.518832 
101.053598 
73.502259 
70.609704 
73.268068 
87.083220 
76.730203 
-915.583415 
78.049303 
84.749975 
83.336895 
88.708653 
75.513611 
69.065617 
73.375399 
87.702192 
86.790348 
-925.734217 
80.596538 
76.566511 
71.559352 
68.553326 
68.713307 
67.179662 
67.238856 
71.301171 
67.702608 
75.886086 
68.752890 
