-926.174544 
69.954514 
83.593777 
78.362060 
79.668256 
69.843278 
80.743613 
67.498159 
73.954041 
72.939092 
80.513248 
68.110791 
77.768718 
79.978967 
71.741517 
70.218782 
77.409864 
73.751356 
91.360155 
78.248644 
77.440785 
-924.650623 
76.675147 
70.184864 
74.905782 
86.875621 
81.106316 
93.988883 
72.797248 
84.026311 
70.109687 
80.973194 
-921.604828 
74.535255 
76.981126 
74.618244 
87.048758 
85.501767 
70.819385 
66.255992 
68.362137 
-921.311940 
75.818098 
77.873284 
74.697663 
72.906242 
78.448025 
77.978614 
81.188598 
