69.206376 
73.998020 
82.709454 
-923.864962 
80.070446 
67.914007 
67.270199 
74.819660 
73.265273 
69.421797 
71.081822 
86.804432 
76.518276 
68.237510 
-918.481506 
65.909021 
77.982044 
74.792679 
77.059319 
84.160680 
81.335970 
64.607128 
80.895626 
69.283182 
91.197141 
-932.924689 
67.719118 
67.487601 
71.701971 
74.827959 
84.380577 
73.051575 
80.480094 
72.412710 
95.960829 
70.512240 
-923.212224 
80.957394 
81.125612 
65.562906 
69.661324 
71.090857 
71.385039 
91.382963 
79.003067 
72.330817 
88.680174 
72.859102 
69.884415 
