81.058925 
73.173732 
75.891259 
70.623954 
81.819750 
78.897398 
77.361375 
79.487409 
-932.079617 
65.919035 
71.420591 
79.801609 
69.725263 
68.467254 
71.384667 
69.031477 
71.300779 
81.109558 
78.029886 
73.349305 
-935.148582 
68.025443 
71.218303 
70.784540 
60.567879 
83.432062 
88.830371 
73.164941 
75.305711 
74.637558 
66.957494 
83.685392 
82.665722 
67.754903 
71.341807 
71.733306 
58.563826 
-917.538042 
83.157584 
84.684752 
82.324884 
68.448123 
86.203143 
71.590835 
79.562770 
82.484212 
-912.136708 
72.399276 
75.028519 
