72.492999 
73.778381 
82.328518 
78.564394 
73.709873 
71.032477 
67.248745 
81.182103 
-920.880865 
91.064660 
84.187143 
71.032137 
71.367573 
81.836866 
68.890166 
75.367162 
75.435990 
75.822537 
86.384181 
-915.171793 
76.893935 
91.636075 
79.495704 
90.716996 
68.643466 
78.585935 
77.773844 
74.241786 
84.065867 
70.976276 
66.315844 
65.716830 
67.389637 
73.980732 
72.354761 
76.380169 
73.520725 
80.845512 
71.437033 
72.077635 
77.696158 
-929.942483 
77.891822 
96.144714 
81.683378 
87.376092 
71.615097 
79.436357 
70.640945 
