71.028198 
74.446228 
69.797258 
-925.033879 
79.504344 
80.033862 
69.137830 
71.120149 
79.074313 
76.796688 
70.694838 
68.578624 
71.813053 
73.853006 
-927.551786 
73.114404 
71.947135 
67.989492 
81.705610 
74.859367 
81.335066 
84.451982 
72.941826 
74.062244 
84.693817 
-922.330050 
74.253154 
82.340079 
87.844623 
67.061430 
75.480981 
77.277715 
75.285415 
71.031914 
85.184006 
73.570195 
-922.550731 
68.867736 
85.751774 
80.194914 
74.957883 
66.735037 
68.722757 
69.312367 
70.808972 
85.788681 
78.480192 
-932.878009 
84.880297 
