73.134389 
110.787321 
90.100804 
76.997192 
68.510660 
67.511826 
76.667977 
72.149098 
73.647453 
-929.321299 
76.598037 
79.817866 
70.720478 
74.973637 
71.845003 
92.263179 
72.746678 
78.569862 
74.204192 
65.134615 
-927.565828 
79.940023 
77.607036 
66.417511 
75.965641 
77.627999 
69.333026 
68.174596 
67.290395 
75.500296 
67.116112 
74.095503 
66.189326 
87.763941 
84.077283 
77.978509 
72.432769 
80.731789 
94.380199 
83.139648 
69.204678 
69.446550 
-919.269246 
75.150682 
85.752995 
89.485754 
79.080058 
75.910281 
74.130684 
