-499.635551 
497.159057 
-496.591442 
490.069035 
-504.480236 
492.411721 
509.238305 
-504.885088 
493.065100 
-512.959971 
487.560631 
-506.424813 
494.814892 
-508.375872 
488.786847 
-494.850724 
494.854464 
501.516218 
-505.463586 
490.282008 
-503.475666 
490.637350 
-500.954090 
499.927787 
-508.855574 
496.409069 
-495.230225 
492.883580 
489.506078 
-509.117395 
505.632843 
-505.154812 
497.835041 
-502.613340 
497.270038 
-500.585655 
493.453546 
-499.997484 
-504.105142 
495.388165 
-499.289101 
504.341607 
-501.832830 
501.587776 
-501.534086 
494.265497 
-491.195059 
-504.297440 
495.038181 
