513.143511 
-495.635642 
-479.893206 
501.927127 
-478.118125 
499.081776 
-486.068736 
502.932587 
-488.536539 
503.968583 
519.082780 
-495.586724 
506.398644 
-496.830774 
506.691847 
-493.853978 
508.917054 
-478.737612 
-495.234926 
505.967346 
-477.482740 
-493.989926 
520.165536 
-480.164535 
510.587490 
-485.870836 
-485.860371 
508.046012 
-482.183395 
503.131214 
-477.456338 
507.713219 
-483.917088 
-484.097213 
514.140592 
-494.259640 
509.649866 
-495.853968 
504.095557 
-491.537983 
502.667276 
504.781700 
-494.304827 
505.149849 
-494.730239 
507.120117 
-492.601171 
503.835428 
-491.256771 
