-491.122863 
516.511450 
-474.738289 
511.018234 
-479.482549 
517.288053 
-482.882858 
-470.322362 
521.619773 
-466.250304 
517.539745 
-468.433390 
-482.945837 
554.387111 
-481.727077 
518.294724 
-478.021389 
519.689880 
-487.909244 
-484.818358 
513.884188 
-480.533758 
514.530399 
-475.336890 
511.065923 
-472.053903 
-484.984847 
525.923794 
-481.468586 
510.816318 
-480.243979 
518.824003 
509.864235 
-483.919910 
515.728788 
-479.351028 
517.779736 
-482.321472 
518.625374 
524.330313 
-488.794631 
536.343132 
-479.004625 
520.550418 
-475.547882 
-480.986210 
511.178813 
-466.639132 
507.438806 
