-490.904524 
503.399298 
517.321982 
-496.906450 
523.911920 
-480.867608 
509.230473 
-472.381290 
527.057798 
532.250889 
-466.437650 
524.907118 
-439.673004 
535.555181 
551.175517 
-474.377440 
514.738298 
-486.092310 
506.425224 
-499.100028 
510.247461 
507.990628 
-499.134047 
510.571526 
-486.537487 
498.721975 
-480.667177 
506.077660 
-492.859001 
-470.754978 
508.539574 
-483.394528 
510.365169 
-483.645675 
504.574586 
-482.569884 
-488.054852 
508.234594 
-495.714276 
498.909782 
-488.188496 
515.402946 
-500.321319 
-496.837200 
521.689113 
-492.674864 
500.372385 
-500.272544 
503.614232 
