-481.158248 
515.995108 
509.931656 
-475.062292 
513.418580 
-476.643099 
499.427415 
-484.327726 
511.746397 
516.149664 
-495.352499 
517.568516 
-489.079685 
534.665379 
-481.829573 
-466.870524 
510.281597 
-476.855337 
508.361704 
-474.005966 
511.167974 
-472.631216 
-493.200460 
507.228838 
-484.908517 
513.996199 
-497.822806 
514.499892 
-473.119741 
-490.449027 
512.338442 
-481.852312 
506.854794 
-482.157973 
513.137848 
-472.647699 
-492.549764 
518.699746 
-493.965143 
513.926248 
-492.232506 
512.704559 
-499.208736 
-485.251961 
514.136381 
-487.024095 
520.720827 
-479.845376 
514.590243 
