-473.162784 
-488.259664 
506.917571 
-487.745418 
510.384851 
-490.703275 
503.449760 
-492.916225 
512.457934 
513.185269 
-500.539090 
510.212113 
-493.916585 
502.843229 
-490.226378 
491.442525 
-485.076476 
-503.652393 
502.103802 
-495.318469 
501.032803 
-490.850930 
490.405040 
-482.945370 
508.557759 
499.783903 
-493.337435 
505.155565 
-483.976406 
510.012471 
-484.687939 
500.365525 
-490.507377 
-496.060671 
518.567269 
-501.170171 
515.626940 
-479.180482 
512.209007 
-508.410328 
-499.077889 
520.705528 
-492.678164 
516.554616 
-491.246248 
497.836698 
-491.448045 
497.297186 
509.812570 
