-486.039264 
527.741043 
-486.710675 
497.152864 
-492.475907 
-479.967073 
509.034143 
-498.581202 
504.934249 
-478.047800 
495.721739 
-474.149383 
-496.727820 
508.364471 
-488.586710 
526.034981 
-487.032510 
505.966304 
-500.650691 
504.333095 
518.706618 
-486.859062 
514.188796 
-469.489783 
500.693337 
-496.673704 
515.759966 
515.290736 
-484.356961 
500.418233 
-492.235241 
496.203233 
-486.606286 
516.222927 
514.256377 
-480.324789 
511.453351 
-484.083363 
505.778261 
-493.012305 
496.823136 
-485.762366 
-493.681870 
506.199129 
-490.473260 
510.597315 
-490.791744 
509.562524 
-477.254298 
