-496.984536 
495.172626 
-503.272419 
506.752495 
-502.048135 
494.258544 
-506.390485 
492.812367 
-489.420875 
-507.898936 
491.462469 
-501.210625 
492.169163 
-516.315552 
485.573757 
-504.027828 
497.479056 
-509.598292 
494.418671 
511.283584 
-516.109589 
490.821111 
-498.672302 
490.070115 
-501.874363 
500.152239 
-504.498211 
494.380224 
493.118603 
-488.769678 
495.696280 
-513.860232 
479.287453 
-502.891053 
489.844124 
-493.790412 
498.170679 
502.487503 
-500.010939 
488.322243 
-510.387718 
498.475462 
-506.739509 
514.501874 
-507.713264 
508.055298 
497.259868 
-510.905607 
497.327714 
