-510.979080 
486.873577 
-501.217233 
485.232397 
-509.097251 
493.011815 
-508.394769 
484.826729 
487.039423 
-518.481088 
490.721501 
-504.649506 
477.841175 
-511.750754 
485.119361 
-511.425367 
484.170195 
-512.755598 
484.974634 
483.405030 
-511.573427 
486.976804 
-513.163629 
483.152185 
-504.688465 
487.616018 
-504.403470 
477.307969 
-507.818857 
480.532520 
-500.275577 
-510.695055 
504.934830 
-495.628422 
480.134268 
-514.882863 
488.740905 
-514.872967 
494.665314 
-511.519004 
486.920877 
492.620765 
-513.257595 
487.583887 
-510.731655 
483.925137 
-509.341488 
479.654867 
-500.144606 
