476.367993 
-524.648321 
481.478357 
485.268883 
-521.493436 
489.713999 
-528.936403 
473.209197 
-528.769313 
482.644252 
-529.902410 
472.107854 
-508.055465 
471.960109 
-509.975315 
470.246097 
-533.335782 
482.471131 
496.553632 
-526.081009 
488.075482 
-493.227509 
525.729303 
-520.790028 
475.020462 
-509.554850 
463.709538 
-527.022382 
482.544731 
474.990377 
-524.237055 
477.675544 
-517.426207 
467.788886 
-519.644505 
484.500813 
-528.495431 
472.358175 
-531.602012 
474.431186 
-513.175480 
474.543753 
-531.609208 
481.706041 
476.225898 
-525.016372 
469.423154 
-526.622810 
465.384704 
