-514.368390 
498.561126 
-508.241496 
478.775301 
-513.470219 
461.254385 
-511.982568 
482.280826 
-506.679562 
-523.177110 
496.319567 
-518.934758 
473.070523 
-537.910595 
487.804601 
-508.224090 
479.470202 
-511.986728 
480.141905 
-531.664779 
468.884505 
-513.290336 
479.847043 
472.203403 
-524.948806 
486.350786 
-523.212532 
465.777544 
-527.098685 
479.872471 
-512.681348 
477.898211 
-514.212096 
458.545087 
-532.389818 
473.465711 
-518.542306 
455.936060 
485.229811 
-535.386490 
490.007352 
-535.867581 
479.837353 
-518.089942 
495.351818 
-510.134585 
492.437149 
-507.685413 
482.148793 
