295.752855 
-652.118813 
304.552130 
-705.846482 
316.479710 
301.746205 
-690.815426 
309.291084 
298.981322 
-685.632454 
297.381929 
317.572267 
309.631202 
304.117772 
-686.425732 
300.604151 
301.036620 
-684.098656 
328.613420 
297.734651 
-682.206724 
310.843243 
333.827379 
306.820471 
304.795310 
-698.387497 
317.093789 
299.617843 
-692.720693 
320.903574 
299.276196 
-682.350398 
313.468829 
-693.455493 
311.902722 
304.799047 
-699.411554 
305.731810 
316.881638 
-692.327440 
319.513211 
303.737278 
-688.718758 
305.275836 
-681.279440 
308.581855 
303.096042 
-689.629997 
301.617160 
