-521.952654 
468.708614 
465.245194 
-511.764000 
491.779235 
-511.658844 
487.538135 
-524.273851 
472.217148 
-522.780391 
479.723626 
-515.581422 
476.635103 
-513.117524 
483.052107 
-514.909086 
-519.113771 
463.563604 
-522.818186 
486.517087 
-527.348940 
479.779808 
-519.997371 
483.440278 
-536.529138 
481.049740 
-511.795390 
463.979194 
-505.531853 
476.461023 
467.046042 
-521.141759 
475.678264 
-517.429543 
495.127502 
-502.952600 
485.462445 
-507.274240 
490.670742 
-475.921720 
497.123212 
474.671983 
-520.123845 
484.222468 
-536.897140 
475.959408 
-519.186203 
485.392605 
-511.182800 
