487.251367 
-511.850748 
484.519120 
-513.859153 
482.831732 
481.217485 
-517.155136 
490.759620 
-513.494194 
479.003280 
-523.657067 
478.372446 
-518.394607 
476.985800 
-529.347530 
479.351035 
-515.404947 
473.671512 
469.856491 
-515.244114 
504.264040 
-527.262638 
494.598323 
-522.869053 
484.047281 
-520.786845 
468.646654 
-523.625257 
467.970028 
-517.515044 
476.165761 
-512.013281 
-519.283695 
473.435414 
-532.238997 
480.570380 
-518.445400 
486.189589 
-515.389560 
473.267528 
-517.121070 
471.499363 
-512.622660 
471.670255 
-511.659097 
469.576294 
481.131853 
-525.626443 
474.252040 
