-518.792673 
484.356290 
-503.389084 
475.015886 
-505.738461 
490.867371 
-525.209002 
470.190562 
-493.867822 
-526.610736 
494.987602 
-506.802301 
482.111110 
-526.352533 
472.799847 
-529.320538 
479.702386 
-515.877019 
472.799941 
-508.142948 
483.935753 
-514.687601 
464.947762 
488.230097 
-519.451194 
484.879118 
-512.909647 
478.313128 
-516.160673 
466.328831 
-524.139136 
477.263379 
-509.774860 
461.205023 
-505.294684 
481.838789 
484.334220 
-525.243653 
478.727599 
-532.243676 
471.684687 
-507.257331 
466.586885 
-516.640139 
480.344135 
-518.357220 
471.388703 
-516.333351 
474.190275 
