454.278526 
-522.554808 
536.193272 
-519.128560 
478.480950 
-519.058057 
475.388985 
-508.544744 
480.338169 
495.751212 
-519.935927 
491.297594 
-517.575992 
475.618247 
-505.561967 
494.330670 
-554.503310 
489.481786 
-509.059844 
486.605855 
-514.592308 
-515.262566 
493.079100 
-513.863031 
472.679258 
-526.536977 
458.941568 
-523.805107 
531.309985 
-522.011880 
452.685757 
-523.701626 
476.731153 
507.816554 
-532.363144 
480.721503 
-499.302870 
477.626712 
-529.327035 
465.877421 
-521.587883 
493.255150 
-513.213713 
478.514817 
-521.252147 
468.820754 
462.545323 
-532.123070 
483.416048 
