-514.989463 
460.549200 
-500.373408 
472.516871 
-547.377746 
485.059343 
-530.526852 
467.628428 
-518.393846 
467.119891 
-519.418588 
456.386644 
-523.822345 
-517.304570 
490.658361 
-526.309025 
470.717006 
-524.552905 
474.922435 
-526.505551 
479.148680 
-537.299222 
490.072137 
-532.824118 
465.265422 
-513.246120 
477.759975 
463.288570 
-530.453110 
477.896420 
-505.341733 
465.028387 
-512.041726 
470.682051 
-525.835712 
475.058308 
-520.491187 
465.190313 
-525.172053 
457.406672 
-513.296026 
474.304680 
466.642484 
439.204724 
459.158652 
-525.666172 
482.495408 
-531.907537 
479.292883 
