-541.169391 
473.921451 
-525.236917 
480.987629 
-541.075483 
478.894156 
-508.719565 
465.325676 
-525.727012 
480.194676 
493.009667 
-523.796880 
484.574934 
-498.407057 
466.471988 
-520.471177 
470.860524 
-550.783177 
478.595243 
-528.745698 
481.753470 
-508.496326 
456.877856 
-526.036022 
480.954172 
473.548606 
-518.321980 
471.581462 
-536.639935 
477.174227 
-540.738095 
460.561142 
-513.734030 
477.587208 
-534.102356 
483.670990 
-557.766910 
483.075006 
-529.229618 
477.896361 
-530.592068 
466.934834 
-522.566306 
-519.196732 
467.774439 
-522.668975 
455.849004 
-518.288132 
502.651569 
