-532.793653 
479.881697 
-524.807864 
453.853911 
-522.497290 
478.172152 
-522.364893 
450.798485 
-519.173322 
470.152139 
479.751177 
-537.991807 
471.722117 
-530.464998 
465.241624 
-536.130958 
469.894188 
-513.926692 
476.953926 
-538.324911 
481.720385 
-518.024229 
477.515668 
-576.712966 
486.637878 
-514.745185 
482.268144 
-541.652482 
477.516540 
470.989761 
-547.809570 
470.960220 
-542.548341 
479.753233 
-518.270568 
436.198210 
-513.649790 
501.753633 
-531.353313 
479.714591 
-510.646283 
458.020892 
-526.191902 
475.826168 
-522.303463 
464.270892 
-518.229791 
-528.532548 
471.224590 
