-526.134475 
467.076793 
-560.136932 
476.969073 
-514.235745 
466.702057 
-515.946076 
470.574484 
-546.604650 
467.599084 
-518.723564 
478.268074 
-534.420026 
458.418881 
-510.116527 
446.369984 
-533.443104 
458.060689 
473.158123 
-515.393704 
453.978711 
-529.609183 
476.905754 
-529.300166 
460.132300 
-525.510030 
487.724432 
-531.197359 
450.820368 
-511.314967 
485.826629 
-509.974149 
443.516871 
-527.230420 
480.587228 
-531.583478 
445.946335 
484.458547 
-524.289984 
476.782693 
-538.087662 
469.749464 
-513.293468 
468.964325 
-513.872839 
477.488948 
-544.417963 
446.873630 
-520.624848 
