452.543312 
-582.985834 
471.179006 
-506.977430 
469.050699 
-545.720921 
471.380579 
-523.597752 
475.240956 
453.141817 
-529.257956 
479.624587 
-526.816730 
458.176001 
-522.999054 
488.899412 
-519.281466 
477.151127 
-497.269306 
487.743300 
-482.331793 
480.258469 
-526.011156 
452.090238 
482.551707 
-531.036786 
436.029308 
-525.731320 
477.802609 
-567.412274 
479.054408 
-519.350720 
473.640651 
-541.715123 
484.358642 
-522.393490 
473.193352 
-576.852690 
477.949448 
-523.841998 
460.533267 
-527.641672 
480.185338 
-535.745025 
443.075222 
-521.028253 
476.827491 
457.224886 
-530.486051 
