483.687901 
-525.613284 
476.862250 
-526.831056 
458.912698 
-518.468520 
480.277397 
-500.306938 
443.871664 
-537.428199 
477.156120 
-526.522418 
441.147087 
-541.959037 
479.137629 
-522.849927 
456.301024 
469.154277 
469.058872 
479.446948 
-541.947158 
472.955036 
-516.710762 
445.238632 
-521.630928 
423.361878 
-520.111681 
478.105463 
-541.208213 
484.815853 
-511.932888 
475.471678 
-554.621684 
428.743412 
-530.855573 
464.975105 
-505.478024 
434.911393 
-514.825517 
478.367779 
436.101695 
473.310058 
489.221816 
-529.688305 
461.483055 
-509.681495 
480.910531 
-531.120859 
412.641356 
