-503.562862 
496.686655 
-513.217795 
491.016950 
-497.772331 
489.522163 
-502.543247 
489.924540 
-503.749883 
488.350881 
488.909416 
-515.089752 
493.143741 
-504.562047 
489.579623 
-495.620679 
493.361048 
-511.147980 
498.146048 
-498.175400 
-513.301500 
495.792648 
-508.499082 
487.468735 
-512.802784 
488.509923 
-505.893342 
485.978747 
-511.273647 
494.584090 
-509.434080 
-511.111485 
485.376933 
-508.133459 
494.653739 
-512.318774 
486.512833 
-506.173601 
485.278479 
-509.398990 
484.281821 
-507.317984 
-512.827038 
498.555276 
-509.833405 
497.254990 
-509.819546 
488.692564 
-509.899217 
