-554.956358 
475.585790 
-518.601855 
494.789543 
-519.334654 
429.142798 
-530.113615 
475.530020 
-579.515132 
475.194767 
-518.019252 
482.363533 
-509.403230 
443.269612 
465.055699 
-512.795183 
476.887953 
-522.230792 
482.681520 
-542.175015 
482.958553 
-537.136931 
465.895167 
-524.236363 
457.542276 
-510.634255 
454.013627 
-551.239417 
469.742152 
-528.396221 
468.901081 
-505.962088 
465.840283 
459.689049 
416.963920 
468.844097 
-534.860318 
490.494101 
-509.749983 
424.821700 
-487.200833 
484.725692 
-525.691146 
447.473898 
-515.108891 
476.997417 
-518.610237 
479.400582 
-542.487719 
