449.829255 
-543.627657 
491.803968 
-528.967645 
427.513121 
482.868995 
-515.941494 
439.948662 
-517.959821 
469.493751 
-569.373270 
453.473312 
-511.402056 
463.777525 
-513.170807 
463.943063 
-552.365118 
477.956635 
-540.148045 
464.473188 
-528.914677 
476.252133 
-540.709595 
494.285440 
-513.223097 
467.569675 
442.635135 
475.590202 
476.203428 
-536.929772 
435.727498 
-535.055776 
467.279570 
-518.875176 
484.061807 
-520.695334 
471.963369 
-512.878801 
481.687527 
-510.016878 
440.923280 
-527.338397 
466.431363 
-525.944909 
495.800753 
442.653584 
-522.933269 
486.165563 
-522.666009 
