477.669322 
-564.579344 
477.557260 
-509.791145 
473.047715 
-547.672544 
432.581973 
-524.994266 
483.594767 
-523.853906 
489.192300 
-572.524418 
487.858126 
-512.445697 
480.380143 
413.506491 
464.500983 
-519.581820 
458.139709 
442.482386 
-520.893157 
466.284323 
-522.454641 
487.317345 
-535.954963 
464.728855 
-522.043677 
438.165201 
-522.439824 
470.554518 
-528.517938 
461.270798 
-510.460387 
443.364009 
-516.425314 
485.738844 
-506.555528 
426.518278 
-521.651854 
-523.048688 
430.681781 
-507.621832 
448.980333 
-524.616661 
439.777509 
-527.550926 
469.827520 
-524.123662 
492.623026 
