-548.795393 
498.315227 
-534.922344 
473.140806 
-555.057120 
395.447744 
-510.038993 
481.273736 
-529.676383 
429.441943 
-510.830318 
469.258046 
-540.890078 
455.498534 
-512.433235 
-512.341781 
490.914339 
-552.815910 
428.398873 
-513.543654 
483.407995 
-529.585438 
388.887625 
-522.014601 
449.624215 
-576.587846 
451.549703 
-529.936028 
397.475098 
-515.969818 
470.599766 
-533.881775 
484.006719 
-509.447525 
423.651807 
-538.085839 
483.784334 
-523.665652 
438.279511 
-531.445399 
496.809899 
-517.130269 
449.447177 
467.002163 
471.197154 
473.860704 
-518.675129 
481.043540 
-578.877265 
