463.408061 
-541.523822 
395.046825 
-517.959314 
469.315666 
-524.020350 
438.160158 
-516.742096 
469.735938 
-546.073799 
476.190398 
-536.712908 
467.614727 
-527.028153 
479.367426 
-560.890371 
480.557951 
-509.812820 
445.490986 
-514.236053 
473.934198 
474.874998 
-527.488956 
463.592384 
-541.056125 
481.820031 
-523.599900 
442.246626 
-523.814227 
482.543101 
-504.906016 
437.626172 
-550.692360 
466.950017 
-525.725093 
439.798747 
-522.551998 
478.140770 
-518.289141 
436.344437 
-563.687126 
480.042980 
-523.245047 
-501.680227 
478.366927 
-581.427859 
499.273407 
-536.575019 
472.328934 
