-534.211807 
480.785196 
-495.653144 
469.587828 
-579.842344 
466.367010 
-525.109617 
465.330773 
-510.581998 
489.779064 
-584.048982 
477.133652 
-505.359314 
482.367588 
440.023331 
-515.526264 
496.313356 
-505.248866 
433.340216 
-519.102715 
488.501160 
-527.189401 
477.699501 
-508.726674 
437.078675 
-533.368329 
484.246887 
-520.481901 
427.119384 
-521.949136 
465.032484 
-519.942419 
430.492747 
489.872533 
-520.095134 
484.620862 
-566.287237 
479.948568 
-518.006391 
468.357308 
-573.339977 
473.056024 
-519.249248 
486.362243 
-523.523641 
473.009831 
-517.243174 
496.006699 
-528.609003 
