490.842419 
496.138900 
-521.860837 
427.275636 
-519.279614 
500.731159 
-520.450877 
495.209175 
-493.529237 
480.586575 
-517.567927 
410.637777 
-535.851911 
487.767680 
-549.012130 
440.675565 
-542.366783 
468.410258 
478.898930 
-552.449272 
483.409463 
-555.215339 
482.060786 
-512.571708 
462.139944 
-551.787950 
477.942422 
-515.948171 
480.844902 
-573.955453 
468.475078 
-512.488457 
475.214502 
-535.764325 
469.193871 
-546.566339 
479.167565 
-513.500996 
483.787752 
481.887515 
-522.032402 
410.915123 
-525.846351 
504.333894 
-508.733237 
490.135509 
-503.754648 
418.824852 
-501.539625 
