493.754994 
-502.532389 
445.112450 
-538.709743 
486.222072 
493.109083 
-553.111187 
481.743062 
-527.168501 
393.244145 
-510.235524 
483.679711 
-521.143794 
486.513975 
-564.071561 
471.778850 
-516.994231 
468.207249 
-574.621238 
462.676371 
-505.589405 
481.022314 
-544.759203 
431.183153 
-522.525057 
481.626349 
-580.103844 
443.253345 
-504.087674 
-516.965150 
480.551505 
-531.516862 
435.623955 
-530.600669 
490.549762 
-505.495366 
431.147336 
-526.759864 
488.637942 
-536.592399 
411.608773 
-539.256135 
485.291699 
-539.104757 
484.359836 
-516.997467 
423.006687 
-535.209659 
479.409949 
