-509.084771 
439.886619 
-507.764937 
-516.848462 
479.970502 
-594.778406 
490.972886 
-518.598566 
456.222973 
-513.647402 
470.475673 
-600.534076 
459.453981 
-513.914507 
467.663511 
-506.530196 
471.410822 
-584.221841 
480.379043 
-514.405378 
479.609782 
-560.180844 
490.536503 
-520.508601 
500.143597 
474.190368 
-523.430184 
449.362073 
-533.584857 
459.346789 
-511.672789 
452.970284 
-516.602725 
476.831618 
-521.426222 
388.812256 
-533.804687 
474.895691 
-519.549110 
487.167326 
-506.650900 
422.591408 
-526.012497 
471.497186 
-521.369709 
411.896945 
-526.824770 
469.823046 
-520.447816 
