-517.512993 
472.813851 
-562.896226 
489.164407 
-511.210849 
477.237702 
-593.265609 
476.121163 
-509.835833 
469.438921 
-590.259115 
506.168719 
-515.706318 
516.946264 
-487.354782 
483.919929 
407.009468 
474.620889 
-510.169352 
-516.735666 
463.537532 
-517.160793 
509.168412 
-522.585869 
428.010954 
-519.221697 
484.094377 
-528.560511 
502.069402 
-508.923656 
379.953766 
-526.084258 
487.519675 
-511.001444 
477.237859 
457.259419 
406.149493 
-514.020857 
-518.316571 
492.146200 
-533.251269 
435.166298 
-510.431515 
477.751874 
-546.348382 
445.570284 
-515.283669 
485.775756 
-509.503702 
