469.086383 
-524.978913 
467.525294 
-510.554647 
460.272402 
-521.843598 
481.632343 
470.683722 
-534.079122 
483.466169 
-526.918733 
469.484844 
-531.526909 
466.492199 
-520.345065 
468.365620 
-525.581591 
463.090811 
-520.086603 
468.094439 
-525.026327 
463.548384 
-514.285440 
464.292522 
471.252009 
-538.240164 
476.680291 
-527.640719 
469.192645 
-526.500912 
468.015476 
-529.709436 
476.607449 
-524.429657 
476.833597 
-526.618506 
473.319333 
-525.874135 
462.569823 
-533.450028 
469.396545 
-508.220849 
-530.985943 
482.963236 
-516.479690 
471.636256 
-532.475572 
465.677355 
-529.559791 
