395.515705 
-523.383086 
501.593459 
-479.993649 
468.244259 
-521.750050 
422.049438 
485.324667 
-512.832945 
457.795576 
-531.396754 
491.053888 
-569.151309 
484.500206 
-506.545610 
483.416033 
-597.717501 
488.923201 
-513.838456 
416.533235 
-519.282166 
478.735542 
-586.341507 
471.288210 
-510.995852 
458.536435 
-521.206075 
484.127853 
-588.406487 
477.686509 
-517.647943 
-522.315791 
489.358020 
-513.851091 
416.478410 
-525.427052 
482.956151 
-524.454014 
445.568792 
-513.672823 
494.636304 
-494.518085 
456.973803 
-569.137714 
447.928294 
-509.734883 
480.563558 
-600.793707 
482.892832 
