-500.830982 
477.665811 
494.545703 
-497.052956 
496.528959 
-497.591947 
451.572193 
-546.604786 
486.042364 
-514.227170 
403.161285 
-506.347826 
458.523149 
-562.454245 
487.875908 
-502.271224 
432.851852 
-521.694821 
485.279188 
479.358629 
-513.166918 
475.209661 
-596.787919 
477.964997 
-524.692658 
465.607195 
-513.322196 
502.143700 
-611.190822 
498.463534 
-489.323786 
485.370713 
-516.368085 
463.823738 
-503.834310 
392.689683 
-514.298728 
459.759360 
485.459173 
-516.818184 
480.396467 
-568.157754 
475.064737 
-515.180937 
498.634999 
-612.764954 
499.768825 
-528.699703 
491.085426 
