-598.146946 
476.368074 
-497.991328 
488.126524 
-612.351689 
486.909521 
-523.352521 
487.119637 
-505.194368 
477.663607 
401.279764 
479.457007 
494.068100 
-524.000734 
385.739913 
423.174026 
504.502472 
375.726760 
486.515641 
-501.671489 
415.715566 
-531.644046 
488.552845 
-506.457586 
491.665364 
-571.378915 
494.892516 
-524.623421 
481.449861 
-600.584801 
485.516835 
-504.066498 
488.223288 
-601.497065 
477.345579 
-505.735533 
478.369070 
-525.209794 
-519.866805 
405.561975 
-517.371802 
487.997910 
-517.215471 
415.338078 
-515.977563 
493.071705 
-531.415749 
386.767253 
-526.915982 
