476.602748 
-566.631545 
487.010910 
-634.671219 
451.623403 
-521.954700 
497.821085 
-505.209290 
498.131042 
-507.156034 
481.061858 
-511.065185 
478.097758 
380.210349 
474.646396 
476.072188 
-509.043955 
465.950528 
-519.846605 
480.214786 
-515.282533 
476.657528 
-525.062565 
483.052765 
-556.069923 
480.008170 
-515.823976 
429.353162 
-519.480305 
496.889042 
-513.405647 
417.738485 
-501.660758 
-509.475175 
460.155236 
-518.596595 
477.051880 
-593.240522 
481.624136 
-487.355271 
489.792949 
-578.958314 
488.102309 
-523.662233 
492.969244 
-511.493813 
490.156994 
-567.924742 
477.501521 
