-513.984294 
-529.588390 
448.306597 
-519.725501 
411.411657 
-507.277475 
473.212473 
-512.072915 
437.390375 
-509.545502 
487.955266 
-524.408685 
389.656612 
-514.778615 
483.744547 
-514.562367 
487.656185 
-514.452302 
403.926650 
-527.190792 
482.984369 
-531.581693 
475.998661 
491.074804 
395.834838 
488.366913 
-513.269671 
494.284947 
-607.276227 
489.660685 
-511.167064 
495.496426 
-577.005598 
481.559802 
-511.165861 
484.021809 
-561.786946 
494.622798 
-513.096474 
477.006054 
-516.792399 
-517.936068 
434.275615 
-504.974917 
487.116336 
-524.290693 
470.386913 
-511.220780 
428.178805 
