-511.945897 
491.626681 
-513.619214 
450.351991 
-513.444601 
478.249657 
-519.730846 
402.623087 
-518.447409 
486.423133 
492.800396 
-509.416318 
476.522729 
-578.124607 
488.840469 
-531.835308 
481.676548 
-529.866388 
372.636737 
-528.351896 
467.895794 
-522.330654 
414.345018 
-514.798857 
496.173953 
-501.935745 
421.182132 
-520.894195 
494.465802 
-516.561883 
481.478427 
425.728852 
474.539984 
493.110121 
-515.448129 
398.878586 
-513.673334 
478.193035 
-517.832355 
428.210413 
-531.593973 
482.261606 
-522.059436 
416.550647 
-518.845185 
489.415387 
-506.752746 
377.197662 
-518.381673 
