504.449395 
-579.270790 
498.764857 
-520.335154 
405.633666 
-520.065693 
431.982507 
-518.157284 
450.018206 
-520.364124 
-504.414874 
479.321493 
-583.108080 
495.708049 
-484.890694 
475.689744 
-627.687159 
520.799807 
-507.633176 
478.382639 
-553.496662 
494.717153 
-519.481892 
394.248724 
-520.465620 
512.186650 
-507.890743 
419.243768 
-484.102194 
-500.172705 
518.434586 
-521.955765 
509.072697 
-512.988811 
-509.145268 
498.706730 
-516.888686 
536.526609 
-505.140336 
596.081726 
494.070347 
-497.832925 
479.696604 
-586.072123 
496.152569 
-520.465587 
487.681135 
-520.276109 
497.403337 
