-608.540949 
484.767698 
-480.477413 
474.667337 
-616.216045 
471.302014 
-519.060556 
496.444402 
437.460927 
487.597414 
425.515935 
-516.239014 
447.042832 
-514.005650 
495.458839 
-515.326683 
415.854450 
-528.055584 
389.223868 
-515.744106 
479.281847 
-578.270623 
496.654159 
-508.191282 
489.227259 
-602.767014 
485.341133 
-522.888703 
464.981068 
-500.754646 
478.035449 
-605.234358 
478.419783 
-501.834147 
481.109250 
499.611213 
-510.557121 
428.150433 
-594.886537 
492.617375 
-505.126118 
380.400704 
-510.767440 
488.838828 
-502.150738 
486.981998 
-537.067570 
489.563553 
-567.778576 
