492.209896 
-531.371127 
464.904761 
-594.343792 
486.305390 
-503.843498 
489.760790 
394.712033 
489.274008 
468.910326 
-510.202557 
445.705431 
-517.549782 
476.388863 
-512.509952 
428.485715 
-508.812474 
380.384530 
-518.344373 
493.078103 
-613.392244 
490.173335 
-525.543211 
459.889210 
-534.788730 
491.573996 
-579.152895 
507.803620 
-515.924745 
501.822232 
-598.354139 
493.623120 
-517.844680 
459.235587 
445.940526 
472.581723 
485.393986 
-525.399391 
386.828899 
-510.146208 
487.767273 
-512.288153 
495.643463 
-515.529850 
417.812800 
-512.776284 
483.020687 
-509.135647 
440.994106 
