-514.019353 
496.762642 
-513.289653 
475.472148 
493.808369 
-526.612166 
483.441977 
-565.038332 
482.868897 
-505.906500 
491.409919 
-616.619197 
485.991005 
-524.292553 
472.034665 
-505.922031 
512.955154 
-514.525769 
500.567331 
450.889187 
407.238875 
-515.016902 
-517.280559 
499.337341 
-516.316015 
483.931282 
-608.983628 
477.804856 
-512.880113 
490.799444 
-504.689146 
492.284507 
-562.843520 
484.133430 
-502.399299 
446.146878 
-505.003648 
486.091948 
465.152551 
-510.953153 
426.135386 
-518.557483 
499.468854 
-507.290008 
372.072184 
-517.120159 
482.844932 
-510.607302 
489.305072 
