527.167660 
-471.381281 
538.820082 
533.609664 
-468.245680 
526.294422 
-468.655502 
527.933824 
-475.689586 
-468.954148 
535.502750 
-472.867538 
535.874385 
-470.790529 
-460.993790 
528.300892 
-466.191079 
524.072530 
-470.833269 
524.418207 
532.531762 
-476.142550 
531.665886 
-467.160551 
540.780917 
-476.910033 
-463.615829 
542.026740 
-463.382244 
531.845816 
-461.146759 
-474.273207 
536.459279 
-461.612242 
536.738052 
-464.445570 
528.777320 
528.834156 
-466.842071 
525.817993 
-466.942967 
520.497898 
-467.911648 
-466.291130 
531.310901 
-468.320167 
532.354701 
-466.292977 
-470.750967 
