-522.886462 
454.530216 
-506.440335 
392.150830 
-515.174328 
520.860087 
-503.026867 
427.166100 
495.025009 
-505.500618 
480.971574 
-517.427810 
497.699295 
-576.964788 
485.106986 
-501.296415 
485.835953 
-618.475345 
491.147239 
-507.051541 
489.286202 
-539.433025 
479.241073 
-503.326635 
-513.020952 
407.312923 
-508.031506 
492.255945 
-526.272901 
452.235540 
-520.538016 
447.411940 
-514.948081 
479.706528 
-513.269240 
384.861844 
-499.368622 
483.158142 
-594.595420 
502.591275 
-508.495902 
486.245771 
-505.745469 
407.602601 
449.623170 
-491.402300 
511.868865 
-514.001006 
465.781146 
