-519.523156 
484.089878 
-511.076282 
393.151915 
-501.360659 
497.394699 
-530.595322 
420.902475 
-511.285504 
503.980505 
-500.269652 
450.618811 
482.922334 
-521.005142 
494.959330 
-530.766006 
390.894622 
-488.113901 
487.574403 
-501.354731 
492.823229 
-551.875849 
492.035476 
-618.781209 
474.538672 
-502.835121 
494.338767 
-500.843122 
-511.992742 
488.492168 
-520.144552 
497.121734 
-527.351543 
493.995737 
-498.985570 
476.748329 
-572.992797 
507.266487 
-572.106793 
474.539226 
-498.037277 
-501.727976 
477.431903 
-514.479604 
489.415874 
-508.990678 
489.623021 
-512.049748 
377.986606 
