-516.610325 
499.843478 
-503.354977 
449.001922 
-508.179799 
481.803494 
-496.596786 
434.095364 
503.157266 
-496.494771 
478.748873 
-582.807511 
467.270576 
-492.411676 
491.432009 
-632.108424 
504.629151 
-499.576034 
448.765309 
-499.836910 
503.780064 
-529.322168 
503.348856 
378.942423 
485.485090 
495.790554 
-505.348013 
390.258347 
-506.426282 
474.282067 
-509.622384 
440.535200 
-517.328259 
487.150255 
-507.779188 
412.324124 
-507.107306 
500.179620 
-491.732943 
499.501801 
482.433106 
430.792546 
484.477343 
-514.209761 
492.387224 
-518.848399 
499.016448 
-626.809174 
476.804015 
