-599.216721 
483.934252 
-507.300765 
409.116742 
-505.770110 
487.301077 
-501.991581 
478.885038 
-524.496350 
438.455135 
-507.336170 
471.670575 
-486.762157 
-552.420866 
490.632011 
-520.197859 
496.596755 
-508.355183 
487.734297 
-491.288067 
480.351179 
-518.639463 
499.675821 
-581.185397 
494.674414 
501.332498 
-511.922211 
409.744232 
-518.683880 
493.453669 
-509.829930 
409.388342 
-514.039918 
491.605191 
-518.287683 
481.503488 
-513.357195 
487.750293 
-495.917848 
496.117239 
490.087061 
384.997476 
497.284157 
-504.453789 
480.940326 
-519.447963 
506.406586 
-574.737673 
496.891501 
