-526.552413 
492.589529 
-502.080882 
491.188305 
-516.370290 
-514.525536 
379.108162 
478.184353 
499.916353 
-497.907759 
415.918184 
-502.465591 
500.787240 
-515.532096 
492.521075 
-515.535190 
506.966353 
-499.184037 
443.965542 
-506.456316 
-515.279724 
497.104445 
360.868328 
500.317653 
-506.540242 
484.090237 
-505.433581 
490.197424 
-506.516780 
479.197730 
-581.893761 
497.936937 
-507.513582 
494.370877 
-563.533539 
498.388831 
499.802271 
422.603594 
504.703342 
-505.974013 
468.016962 
-507.450312 
498.487189 
-502.561374 
497.678552 
-504.948639 
469.762514 
-506.146036 
416.569592 
