-504.525601 
-497.945509 
503.588556 
-641.461593 
497.218355 
-495.367172 
481.161074 
-506.178642 
460.081527 
-522.885377 
481.317168 
-504.930592 
419.126744 
-502.343997 
500.458906 
-508.749209 
418.562883 
-509.228955 
-505.339761 
492.622795 
-576.554009 
492.457807 
-499.600413 
500.922137 
-495.903413 
520.461204 
-511.041927 
486.702572 
-623.339810 
490.587431 
-505.296319 
457.407139 
487.861142 
-511.924262 
443.584118 
-512.168172 
493.958903 
-508.793270 
471.483468 
-505.078707 
408.253490 
-496.325021 
493.411231 
-510.066776 
364.957432 
-519.388110 
514.134004 
-500.086159 
-511.018489 
