502.401251 
-510.592193 
452.688624 
-522.380765 
506.137430 
-505.469091 
482.359141 
-497.800027 
381.435344 
-503.345103 
371.194130 
-514.193587 
506.963277 
-504.426492 
505.456584 
515.629436 
-495.516656 
466.756301 
-510.225844 
376.171237 
-494.411000 
502.727193 
-499.836093 
436.873350 
-609.542984 
499.714795 
-510.252152 
491.044000 
-536.988907 
482.715974 
471.108148 
-507.368539 
492.268825 
-511.697638 
420.241200 
-512.509205 
463.877587 
-507.288044 
502.125612 
-506.362454 
479.125861 
-498.445568 
496.231256 
486.876472 
432.877867 
496.924256 
-489.090086 
496.231253 
-507.070810 
