499.709520 
-576.323517 
499.025429 
-507.546127 
494.716341 
-581.080146 
484.210518 
-501.920812 
474.737302 
502.928615 
-525.412240 
496.472590 
-506.320781 
496.612127 
-501.795442 
437.402253 
-501.074625 
493.843365 
-505.026297 
417.914784 
-508.599402 
496.364542 
482.924548 
368.512973 
-501.329261 
-499.106246 
484.907136 
-580.655265 
496.570812 
-506.346818 
501.694148 
-532.375008 
489.398077 
-497.096350 
486.599005 
-619.149849 
500.617477 
-499.976744 
-492.190072 
492.528163 
-494.941085 
416.483905 
-500.604849 
503.785883 
-495.708594 
497.582796 
-505.530526 
457.596593 
-509.313801 
