460.056121 
-625.239963 
509.729055 
-564.147417 
500.269632 
488.642968 
-509.654080 
486.007802 
-515.032721 
483.652370 
-508.556002 
376.524995 
-505.481093 
496.942715 
-504.229198 
492.037447 
-563.489401 
492.816322 
-500.796642 
-509.152400 
485.174191 
-488.397534 
508.295847 
-493.783501 
445.015111 
-501.206795 
429.502952 
-502.800126 
524.218712 
-524.941690 
411.562406 
-510.283404 
-509.001512 
485.457003 
-501.680608 
501.570032 
-509.020050 
493.742532 
-589.757906 
464.441537 
-503.583049 
479.057524 
-552.206681 
477.759435 
-507.791995 
477.161851 
415.125210 
479.017103 
493.995297 
