-501.116945 
363.721065 
-517.033909 
494.369850 
-508.082546 
468.868186 
-581.834138 
494.652673 
-501.863194 
497.966019 
-511.936987 
489.449202 
-632.307729 
375.702924 
-502.335894 
496.186811 
-506.185429 
472.102065 
-485.487580 
485.580339 
488.026995 
411.502675 
522.845242 
-507.054627 
506.799819 
-639.613821 
508.077147 
-476.748765 
485.879415 
-502.773735 
372.632425 
-511.685332 
498.297783 
-548.460055 
488.476792 
-502.517174 
-499.261171 
471.152054 
-509.933863 
506.091444 
-517.340943 
494.997112 
-511.089842 
371.783358 
-504.630386 
503.148318 
-503.135086 
488.409565 
-492.824752 
