503.494964 
-490.679252 
505.633178 
-494.807761 
511.842896 
-488.759630 
507.809826 
502.288869 
-492.527875 
508.452930 
-496.354090 
505.461961 
-484.477480 
517.613453 
508.679255 
-474.732401 
502.424393 
-495.512350 
505.147189 
-491.505762 
503.759870 
-492.995898 
-498.513211 
509.898832 
-497.108056 
505.245026 
-499.694987 
508.874218 
-496.189716 
509.641356 
511.705889 
-500.215046 
502.327814 
-490.416514 
509.294657 
-482.028517 
505.686130 
529.332146 
-489.530176 
513.148890 
-487.498185 
523.068296 
-490.884891 
512.685887 
530.528695 
-490.319244 
510.958657 
-466.117723 
523.756417 
