-521.583179 
354.011852 
494.800325 
505.693022 
-493.359407 
493.491368 
-492.113382 
503.546075 
-468.176355 
359.267741 
-585.120357 
494.698544 
-491.243517 
505.313752 
-516.345630 
-504.843777 
371.900816 
482.414415 
364.461946 
492.883151 
-501.292367 
-503.419065 
490.389943 
-521.667931 
501.214943 
-526.053577 
486.461598 
-559.113244 
496.090667 
-525.243349 
484.466992 
-498.214745 
493.239376 
502.201876 
-501.326897 
491.977164 
-497.826527 
409.211166 
-498.928765 
502.974649 
-486.227012 
502.700673 
-512.871799 
461.660060 
503.420579 
-544.329734 
480.402841 
-496.825077 
483.379748 
