-498.371926 
490.043470 
-517.185706 
492.724545 
-578.031366 
462.765796 
-490.562934 
492.402659 
425.072575 
-506.518360 
499.830609 
-499.708669 
402.271535 
-509.776592 
490.561267 
-494.821406 
517.553259 
-496.551717 
502.632177 
-510.790750 
472.733427 
486.205819 
-508.120973 
499.501453 
-515.458075 
366.330903 
-500.131918 
495.458775 
-505.446351 
383.083965 
-518.880938 
482.707941 
-500.223307 
421.416969 
-508.886486 
486.096881 
-510.658393 
355.776558 
-500.241462 
505.462855 
496.464432 
418.466252 
495.163735 
-505.176711 
385.864304 
-508.387802 
482.704544 
-634.989603 
503.002655 
