-499.298527 
488.820794 
-547.050524 
511.070616 
-524.744166 
486.865206 
-609.546825 
499.034159 
-503.714423 
500.113209 
504.231693 
-504.766632 
362.305563 
-504.151696 
510.824505 
-493.514334 
496.724166 
-517.832229 
430.602117 
-491.332167 
509.940342 
-478.019281 
492.558214 
516.275191 
-577.600549 
517.470130 
-473.294201 
407.315405 
-502.660076 
484.359486 
-579.411582 
498.663261 
-499.263808 
473.832548 
-624.105628 
496.039387 
-494.862735 
500.507494 
-568.886432 
487.602590 
488.643215 
-492.705965 
420.167040 
-515.742864 
500.499094 
-511.278079 
467.120791 
-524.622168 
470.913230 
