-524.648953 
405.783438 
-492.271947 
496.137189 
-496.000913 
496.415231 
503.581352 
-506.547894 
368.873811 
-477.226907 
498.886176 
-588.965285 
494.532352 
-517.425781 
498.462841 
-589.502458 
486.540320 
-499.256438 
503.675446 
-500.783901 
-498.262095 
498.443021 
-490.726277 
486.158876 
-504.775838 
352.142438 
-573.478152 
497.563524 
-511.142167 
461.850624 
-624.296851 
495.236155 
-517.334416 
470.938479 
-500.615133 
485.912723 
-512.743741 
497.350492 
480.064087 
-512.384383 
452.420909 
-510.684133 
492.300985 
-507.228189 
418.273670 
-498.453620 
481.751427 
-639.700160 
519.131187 
