-499.434027 
494.871874 
-491.363059 
-505.646444 
370.571320 
494.487794 
501.203519 
-501.096590 
370.024222 
-505.632708 
515.968513 
-502.021155 
410.750574 
-499.618666 
498.043956 
-510.022410 
366.852689 
-515.018336 
511.015157 
-508.818005 
415.355177 
-494.948003 
500.300109 
493.186512 
-509.025872 
445.161229 
-496.611596 
383.143009 
-505.088458 
502.070375 
-492.456427 
365.543080 
-505.367874 
507.018474 
-489.159665 
432.273130 
-585.015967 
500.422562 
-512.277953 
486.874193 
-585.252522 
476.905474 
-531.570441 
-494.257083 
497.180114 
-519.503434 
377.340526 
-502.478628 
495.607129 
