-503.579878 
430.583769 
-517.874633 
521.758487 
-488.955273 
486.747259 
-502.716726 
356.474259 
-500.496599 
499.410161 
495.604744 
-513.872930 
494.491892 
-497.412621 
482.703578 
-506.440273 
497.916019 
-642.871475 
498.579557 
-515.358738 
420.849728 
-496.171855 
506.030149 
-494.348629 
-491.861879 
520.155706 
-504.422306 
511.624920 
-505.016760 
502.443282 
-555.169126 
484.475444 
-493.788610 
-513.534119 
354.056916 
488.466934 
495.300450 
-493.703902 
475.503127 
-591.764985 
501.456523 
-498.287914 
503.414581 
-498.908237 
501.368148 
-515.472429 
497.359960 
-495.184579 
-504.015493 
