493.922188 
-529.568193 
501.986643 
-501.256860 
439.618485 
-509.082633 
385.624055 
-500.649715 
503.460907 
-503.464347 
421.866132 
-497.469160 
518.061821 
518.392335 
-500.943784 
509.734308 
-495.036329 
502.389841 
-572.612828 
490.960798 
-486.429107 
485.019105 
-505.405626 
-494.848815 
506.921839 
-513.517887 
407.372509 
-571.917972 
526.722788 
-509.311284 
496.700333 
-528.170503 
497.367287 
-504.459020 
472.818092 
-575.004234 
489.913827 
500.487166 
-497.620026 
489.497859 
-510.214612 
467.261093 
-627.990438 
504.567534 
-514.942324 
496.783418 
-531.623580 
519.513841 
-638.459318 
