496.435872 
-480.496289 
412.130467 
-500.324937 
498.667871 
487.464538 
-491.345694 
449.687006 
-507.100220 
483.494599 
-498.775701 
372.639071 
-501.748228 
510.949505 
-496.686120 
366.183704 
-509.138208 
494.160225 
-498.079510 
500.783599 
461.058402 
-516.177731 
508.967820 
-579.419897 
489.206526 
-494.532681 
479.642871 
-644.252256 
495.420504 
-511.013430 
493.553801 
-544.587994 
466.668521 
-504.214020 
483.711833 
-624.488460 
489.284376 
-483.093058 
-498.747041 
453.932239 
-503.615514 
480.054540 
-520.604689 
487.005360 
-498.043408 
403.408566 
-500.127422 
413.348109 
-559.887147 
