509.043526 
-505.909776 
490.396868 
-545.811498 
497.368585 
-579.020064 
506.949708 
492.954771 
-507.534157 
358.804409 
-505.899154 
521.879653 
-496.360258 
498.162771 
-509.919124 
503.716752 
-523.354030 
502.322363 
-577.873707 
499.192097 
-495.149738 
-496.540462 
507.290707 
-512.485745 
491.327075 
-495.087168 
485.046070 
-559.243049 
505.167018 
-490.779596 
482.507971 
502.355750 
-540.771339 
494.997601 
-585.906195 
413.626214 
-508.554601 
501.427698 
-508.923786 
362.615257 
-614.182935 
520.167136 
-507.186271 
507.975344 
-506.571801 
500.512928 
-512.443536 
499.324851 
499.288940 
