-497.429439 
411.080571 
-511.051249 
486.565948 
-494.139309 
347.675577 
-516.943232 
503.581833 
-505.537297 
506.921926 
-618.908987 
496.219672 
-498.265972 
498.697161 
-507.329120 
-488.727978 
517.953518 
-499.693273 
428.984069 
-511.449754 
504.638979 
-517.956009 
490.448423 
-507.059823 
355.326004 
-493.543615 
487.129820 
-494.225348 
352.386709 
-514.879728 
486.165046 
-498.355793 
-506.499540 
441.707888 
-508.679418 
502.271095 
-499.526014 
492.941895 
-503.004756 
479.953856 
-500.171970 
485.260239 
502.629240 
-504.708134 
503.249201 
-501.883974 
505.601559 
-634.790163 
488.604050 
