557.215821 
-453.972929 
582.309247 
-461.870357 
526.630138 
-455.971102 
-468.290917 
528.456944 
-463.998048 
534.991564 
-469.717931 
-457.708590 
536.419811 
-466.301028 
526.997176 
-459.481537 
517.859301 
530.326892 
-472.460547 
533.668949 
-475.207601 
533.985890 
-467.360917 
-467.929089 
529.359017 
-456.663998 
530.728694 
-450.877436 
-468.102778 
540.128499 
-470.093138 
545.690330 
-458.323255 
-459.528873 
533.546729 
-472.184378 
528.652681 
-462.346466 
529.279235 
544.696285 
-467.541449 
532.746044 
-472.904800 
531.657707 
-460.850681 
-469.203089 
538.009827 
-463.074170 
532.192766 
