-495.836858 
515.712067 
-488.526006 
496.676266 
-493.131542 
-539.879023 
510.137683 
-546.972392 
502.410661 
-638.345930 
493.409512 
-643.809433 
501.372790 
-487.380102 
487.991138 
-518.357961 
492.802106 
-658.985619 
509.572564 
-500.218443 
502.918098 
-506.923643 
497.915586 
473.365602 
-494.983723 
497.799391 
-500.392036 
492.090951 
-498.375805 
472.476844 
-497.618894 
364.193502 
-508.500286 
504.020599 
-512.879023 
356.622452 
-514.353436 
511.159033 
-500.722668 
-498.470358 
507.307263 
-581.205009 
424.904018 
-505.851127 
508.418876 
-526.575159 
356.714048 
-491.237489 
472.091290 
