-498.574401 
498.332788 
-506.370481 
362.453056 
-496.624370 
518.364145 
-495.377267 
-500.230421 
500.022510 
-497.846412 
416.840802 
-507.675656 
495.361667 
-515.759986 
411.278369 
-513.938230 
508.156380 
-504.834812 
495.111832 
-506.263586 
-498.154174 
499.466926 
-498.932031 
505.092742 
-514.079529 
496.521159 
-560.279861 
537.375515 
-533.979985 
515.506112 
438.146287 
-499.123974 
600.207998 
-438.437967 
550.005871 
-472.617268 
-505.063533 
499.504151 
-501.138270 
501.897671 
-594.444733 
502.741837 
-489.722332 
508.048575 
-505.343964 
502.168513 
502.520102 
-478.929826 
504.655955 
