-549.861678 
361.957922 
-506.991135 
504.988860 
-509.197820 
408.058822 
-502.149518 
508.733923 
-494.747556 
474.770199 
503.709560 
-506.823590 
504.505182 
-506.563552 
511.386567 
-533.903231 
497.882503 
-620.606470 
401.181137 
-501.821398 
494.309963 
-497.853529 
490.688443 
-511.310066 
-534.390122 
495.044810 
-510.733455 
502.235564 
-653.440815 
501.657720 
-488.993213 
495.763513 
-518.110203 
367.878676 
-505.985117 
497.131949 
-493.410163 
369.019709 
-497.580875 
508.130011 
-486.404691 
362.269613 
-508.097056 
395.881536 
-507.017396 
478.779445 
498.056322 
-496.477712 
501.248990 
