-514.045115 
452.666380 
-498.814588 
538.005041 
-491.228563 
495.963947 
-476.311433 
-492.437272 
498.428087 
-503.349025 
364.467634 
-495.653275 
496.268659 
-498.533903 
410.065042 
-513.811964 
500.691411 
-506.633514 
350.819556 
-506.215380 
492.894761 
-493.157757 
-500.359986 
495.496105 
-503.487652 
409.603300 
-501.794754 
507.211925 
-503.373460 
499.263929 
-494.320945 
365.692862 
-503.640555 
495.886366 
-500.405590 
423.624223 
-489.447862 
-505.516014 
505.662758 
-493.170752 
364.589022 
-464.323566 
503.750886 
-472.255879 
404.638630 
-496.782646 
494.771600 
-503.376375 
398.671016 
