-500.967808 
366.387456 
-494.873577 
500.719909 
497.221153 
-504.180961 
424.789830 
-496.057849 
503.307641 
-492.604340 
476.305640 
-570.132434 
506.086555 
-520.184048 
472.275032 
-500.569451 
-483.702895 
501.476682 
-517.560088 
505.649457 
-651.899890 
497.881497 
-498.256587 
489.052908 
-501.812589 
491.315384 
-496.765447 
402.867542 
-478.733925 
486.307883 
491.816470 
-496.424761 
530.508249 
-497.952387 
504.780546 
-506.034138 
478.499476 
-589.537812 
494.421094 
-486.259383 
503.124758 
494.373870 
-491.565302 
497.266776 
-498.779793 
504.046167 
-513.808893 
497.247043 
-492.728757 
