-526.574925 
501.367672 
369.989184 
493.246749 
-501.346058 
496.134123 
-507.198791 
482.546162 
-613.184194 
503.105851 
-500.119285 
499.265317 
-614.518325 
486.817996 
-490.519066 
498.207530 
-615.946053 
513.163501 
507.638726 
-481.729721 
494.718107 
-492.906955 
492.133705 
-519.895668 
505.362808 
-502.383380 
498.734676 
-518.601575 
353.038498 
-513.038632 
495.829558 
484.255998 
-504.601701 
496.355366 
-506.205733 
418.454779 
-508.547119 
510.257199 
-512.863638 
456.090647 
-499.939226 
349.991722 
-502.272589 
367.247758 
-510.649273 
505.056209 
-496.854445 
496.699743 
493.401375 
