-512.467228 
496.840126 
-512.235406 
360.153262 
-520.559355 
530.299750 
-655.328530 
510.085116 
-478.875722 
462.784375 
-498.651418 
359.275972 
-511.047364 
476.627144 
-503.791010 
493.912873 
-655.709552 
491.322466 
-502.655598 
495.654837 
501.889774 
-563.715373 
505.138168 
-498.617956 
500.341573 
-519.141848 
489.978422 
-500.740118 
493.055125 
-619.656422 
494.405537 
-478.767533 
494.984074 
495.199798 
345.079011 
-526.959502 
-491.064402 
508.741218 
-509.147632 
493.768874 
-500.454331 
435.057407 
-500.977772 
517.837928 
-496.321122 
496.266509 
539.904525 
-506.728403 
494.687113 
