-567.441049 
497.285126 
-474.799134 
502.689763 
-562.701322 
509.755460 
-515.796954 
499.290751 
490.859964 
-510.244047 
361.820404 
-495.985874 
513.677847 
-493.317486 
357.466730 
-501.726024 
506.216297 
-524.576976 
404.785281 
-504.435981 
503.301156 
-491.192073 
473.313820 
-494.462877 
354.844632 
-486.612998 
-500.560822 
510.153095 
354.625579 
498.943406 
-495.451964 
501.726505 
-484.520391 
515.847571 
-614.414670 
362.688777 
-485.285860 
501.429962 
-485.732132 
415.894869 
-494.256244 
491.112510 
-497.908988 
-499.720022 
499.928494 
-494.889046 
500.299009 
-497.843671 
496.640139 
