-549.499274 
493.954497 
-514.618733 
-494.002841 
419.155470 
-502.725377 
504.473268 
-510.363825 
507.439024 
-496.021222 
501.595520 
-497.609864 
508.427335 
-508.962688 
355.897825 
-503.000043 
373.681685 
-500.756716 
495.193129 
488.086914 
-491.518344 
459.341134 
-481.453750 
367.223551 
-506.654890 
501.241591 
-493.755358 
508.032461 
-490.831933 
492.421513 
-523.146289 
-507.534431 
501.484279 
-504.227312 
501.315929 
-649.730253 
495.842320 
-551.246150 
509.763728 
-501.640546 
486.968813 
-490.068194 
449.645552 
-488.540497 
473.231609 
508.975420 
350.521428 
503.378478 
-495.641915 
