494.561144 
-535.369469 
508.096587 
-613.268318 
492.267576 
-499.747678 
503.440029 
-478.429162 
524.136310 
524.242842 
-476.074682 
503.959549 
-562.594518 
372.006687 
-517.279704 
480.167101 
-506.722996 
483.618086 
-652.768196 
507.374026 
-503.450470 
501.753421 
-649.471097 
502.457068 
-593.190523 
510.768607 
-536.618908 
520.009930 
-580.488835 
500.579497 
502.320496 
-498.955023 
502.095934 
-513.130147 
361.527784 
-528.334547 
514.599989 
-508.577959 
503.087250 
-533.944959 
512.484635 
-485.094124 
-500.853237 
501.463334 
-490.883185 
511.288759 
-598.145460 
515.550062 
-479.575357 
