-481.234779 
-493.918157 
528.506240 
-488.295585 
502.718813 
-496.830998 
515.426011 
-487.873463 
-484.144977 
502.179042 
-493.762013 
506.323395 
-492.373349 
511.383018 
-480.802571 
503.622184 
516.467938 
-493.590503 
508.893505 
-494.389617 
499.126372 
-488.967917 
502.215528 
-489.434874 
-483.362926 
506.884038 
-495.401966 
513.342178 
-496.718315 
506.133924 
-494.001918 
-502.024820 
507.016958 
-494.312410 
505.115810 
-484.497157 
510.729190 
-489.778993 
504.205114 
509.274252 
-498.965496 
505.496269 
-499.335282 
497.092586 
-490.088122 
508.127966 
-485.533039 
-498.105310 
505.428116 
