415.612170 
-503.229151 
511.119846 
-488.130497 
349.547986 
-516.868543 
505.912428 
508.122482 
-492.520939 
497.105763 
-507.798065 
457.136140 
-494.051668 
404.749587 
-494.951079 
497.201795 
-490.166136 
503.393525 
507.026396 
-509.588168 
510.440011 
-555.487539 
508.565127 
-659.937864 
502.173248 
-492.142560 
507.752302 
-598.225685 
487.415997 
-496.651110 
499.031381 
-491.298123 
-495.714824 
516.927808 
-476.298020 
511.632183 
-655.360836 
516.686782 
-499.043965 
468.173802 
-496.364965 
501.265063 
-490.330703 
-502.813471 
507.237660 
-503.049756 
502.087694 
-593.536797 
500.131348 
