-483.547771 
542.258124 
-500.370220 
-476.845438 
511.309495 
-487.684685 
-482.796518 
514.828220 
-497.486530 
574.410405 
-538.709558 
591.355994 
554.317411 
-462.030456 
512.786545 
-485.448255 
504.045175 
-493.675272 
498.418745 
525.893849 
-503.701823 
521.872195 
-483.556448 
432.408861 
-591.244579 
507.188977 
-503.952825 
507.299952 
-497.297705 
-496.202891 
510.230585 
-496.423571 
503.755287 
-504.668889 
460.342381 
-500.610658 
507.263645 
-479.172140 
-490.844375 
499.488146 
-517.411738 
506.216061 
-497.766936 
517.127807 
-491.255710 
-479.483826 
522.018542 
-482.594188 
527.782542 
