-476.612122 
525.688391 
415.239122 
384.575746 
-565.715336 
528.488682 
-477.290647 
-456.826789 
-456.545589 
550.555464 
-503.827007 
461.203824 
-550.319794 
485.333079 
-484.226644 
503.632069 
518.846368 
-496.700566 
511.223058 
-595.016292 
495.841799 
-485.300495 
-490.405822 
511.801660 
-513.329441 
504.949790 
-493.707118 
431.557678 
-517.386171 
505.663776 
-488.963375 
498.303327 
503.046561 
-501.604372 
505.407594 
-582.377788 
505.250442 
-499.978973 
506.909263 
-487.802945 
509.891411 
463.634361 
-472.783831 
514.783456 
-484.226823 
492.226938 
-495.753742 
506.008705 
-485.221805 
