355.130915 
-503.965069 
456.015702 
-497.224297 
-494.044196 
515.734439 
-488.275921 
506.709202 
-500.177529 
513.869762 
-497.077366 
492.394655 
502.387246 
-479.859414 
500.054226 
-507.080948 
416.933032 
-512.447401 
503.864675 
-483.724987 
489.842070 
-495.034168 
402.377426 
-503.048798 
418.628363 
502.247200 
-500.035702 
451.461084 
-495.133188 
480.043712 
-472.553313 
505.899610 
-484.992702 
496.266863 
497.311196 
406.707440 
503.669628 
-497.811001 
509.848673 
-638.622916 
496.144156 
-500.598741 
493.980694 
-573.447434 
499.677186 
-503.882839 
509.340713 
-500.062846 
-466.505403 
