538.265487 
-442.028515 
531.973406 
-446.805952 
-472.477279 
557.079117 
-475.909468 
424.075848 
-596.053272 
512.846360 
-484.697779 
526.196636 
-479.206882 
-497.772491 
522.869545 
-481.598074 
517.170749 
-459.816921 
515.744476 
577.580271 
-409.604085 
-387.255176 
487.441044 
-495.526996 
457.444055 
-492.448307 
360.232116 
-510.894131 
416.985427 
-505.023164 
-487.073409 
517.903653 
524.510138 
-489.092957 
528.028538 
-468.615043 
491.832558 
-481.816840 
-468.195773 
524.248832 
-598.869988 
515.940475 
-481.067951 
551.560621 
-425.513477 
471.259307 
514.844700 
-462.721446 
546.319306 
