-652.426038 
522.469627 
-429.742656 
426.112637 
-461.496458 
429.821947 
528.133333 
-474.964237 
406.929002 
-454.076449 
560.771122 
-485.248534 
522.679847 
508.745942 
-473.382934 
513.330297 
-481.909783 
524.527468 
-467.213092 
-487.435727 
479.970099 
-476.686456 
511.920816 
-526.512688 
510.473858 
-539.132330 
552.921108 
-504.338911 
-482.356309 
388.771157 
-496.689095 
631.199971 
-454.186256 
-320.849193 
598.529959 
-407.147049 
-406.552979 
554.236454 
-420.715324 
-387.749864 
574.942244 
-415.575097 
404.693096 
533.340358 
-488.368126 
516.748546 
-497.639750 
381.443773 
-437.487021 
