537.918083 
508.288982 
-478.649434 
547.411065 
-468.636239 
497.881148 
-483.321826 
415.283225 
-491.213352 
418.635526 
-504.630155 
-490.350720 
510.742257 
-505.246077 
507.466142 
-495.115771 
499.481702 
-630.143131 
510.818524 
-486.262452 
-489.606263 
502.841239 
-521.403592 
536.595106 
-493.869125 
512.500011 
-508.004266 
460.469430 
-478.486141 
421.248786 
-488.902720 
-498.371348 
496.470214 
-501.998101 
503.782761 
-601.379412 
503.946901 
-487.966878 
517.830720 
-441.036769 
425.159461 
529.324227 
-554.063650 
548.152815 
-541.044233 
511.458404 
-491.977767 
477.146965 
-498.111829 
