466.567980 
371.455614 
518.946569 
514.666033 
-454.057721 
605.545220 
-585.339595 
502.919111 
-449.698858 
445.278359 
482.730682 
357.550768 
-486.800785 
-489.060776 
519.268490 
-485.930129 
491.750199 
-499.794224 
506.041650 
-439.954895 
-412.451104 
502.027143 
-498.763264 
489.311622 
-494.591578 
505.689397 
-501.993988 
-490.490675 
505.752476 
-485.677926 
351.915758 
-497.315236 
510.280824 
-497.589264 
496.862084 
-495.461710 
501.071138 
-486.293404 
-454.579233 
580.903615 
-501.818997 
499.041423 
-594.472838 
501.989208 
-403.026772 
-430.056903 
467.640334 
-584.240561 
382.441037 
