-499.425356 
515.397547 
-510.135422 
415.039004 
-496.678127 
359.066022 
-510.599852 
513.126154 
-502.750543 
-505.053803 
556.569261 
-488.905888 
511.309092 
-490.512206 
491.157634 
513.354063 
-513.185525 
586.706670 
-442.874952 
605.213909 
433.583652 
-491.493640 
402.858860 
-499.700574 
509.979299 
-479.824723 
503.627354 
-491.914284 
502.555600 
-502.511906 
-454.699485 
570.025741 
-490.082813 
474.154118 
-499.927964 
424.364819 
-501.916540 
512.478146 
505.743563 
-482.400401 
507.602677 
-509.428282 
487.292326 
-503.233707 
408.905814 
-475.608827 
497.916313 
-476.833677 
366.568600 
