-495.349063 
-480.847381 
497.594769 
-480.879705 
467.177944 
-546.388528 
574.533925 
-483.804486 
-434.995578 
555.487043 
-402.742160 
535.162539 
-454.719101 
-429.844263 
545.439834 
-406.415998 
-417.007701 
618.783805 
-489.853034 
482.704730 
-607.785847 
382.969943 
-448.046351 
388.827867 
-415.051138 
426.322534 
-491.571356 
-504.906474 
514.594270 
-502.168120 
513.067843 
-476.855913 
507.778290 
-491.518971 
522.406525 
514.036174 
-499.513319 
487.307000 
-492.219110 
402.863005 
-510.226375 
517.814091 
-574.572773 
490.429100 
-502.626862 
-490.483623 
520.815216 
-507.326923 
532.927642 
