-480.485482 
537.436378 
-478.095415 
555.226104 
544.474075 
-472.136609 
520.202843 
-468.923699 
521.474673 
-444.328101 
-462.057219 
565.947391 
-481.554002 
521.623675 
-475.456707 
-461.606976 
524.140756 
-470.411101 
526.160576 
-481.154057 
521.136629 
533.592241 
-475.834602 
533.879786 
-476.870234 
523.334308 
-479.596540 
-467.456287 
527.336357 
-478.924456 
517.142209 
-470.750134 
518.002339 
525.380633 
-483.267097 
527.670467 
-474.858784 
544.503213 
-467.216719 
-471.859273 
533.469976 
-478.970290 
518.870656 
-473.373710 
524.009788 
534.549898 
-481.041649 
527.118083 
-473.507637 
