-503.322858 
505.246332 
462.552939 
-484.985551 
608.130618 
-445.095515 
508.828609 
-494.529707 
-487.088512 
520.223386 
-502.597463 
514.583953 
-489.447227 
527.532476 
-562.467434 
490.418829 
-488.017062 
-486.173959 
495.157043 
-492.771571 
494.725159 
-499.571261 
488.297330 
-512.287945 
-397.315796 
444.135966 
-432.730421 
590.263500 
-494.255941 
494.126689 
-495.414335 
402.915712 
-464.610141 
-486.341199 
510.133149 
-492.263830 
502.417570 
-499.876655 
561.373128 
663.818343 
-413.621896 
-438.380555 
379.897301 
478.526083 
551.465513 
-443.070881 
526.815432 
-428.929102 
472.472739 
