509.919419 
-583.954205 
550.507014 
-477.314634 
526.057457 
-435.921560 
-429.886486 
474.092014 
-490.411997 
582.722514 
-513.596915 
475.680826 
-428.968066 
379.771997 
-452.483719 
-442.646526 
595.406844 
-480.056935 
-374.262582 
441.213152 
-579.069230 
510.768465 
-496.939711 
500.799746 
-423.406783 
563.794015 
595.781605 
-495.544152 
542.625510 
-502.692945 
503.301060 
-627.392309 
525.292838 
-440.875930 
-449.611954 
499.056503 
-487.192128 
509.416986 
-470.561583 
503.530152 
502.992127 
389.213482 
511.014615 
-494.354069 
503.014238 
-501.960160 
510.203184 
-494.466035 
526.327237 
