-489.339353 
-498.162752 
468.061899 
-496.043687 
539.474348 
-468.907406 
518.675836 
-464.327715 
-461.053772 
528.291229 
-460.956280 
577.299673 
-432.779657 
-499.636404 
506.021530 
-510.756016 
416.885617 
-503.007577 
505.536553 
-553.826482 
479.070071 
-502.093981 
339.926261 
-503.741811 
488.280180 
-494.237536 
-501.256808 
494.208948 
-500.296657 
404.853640 
-495.944761 
506.508161 
-489.362062 
498.640906 
-488.665781 
463.019347 
-467.365495 
-500.757719 
504.458360 
-510.834845 
511.585283 
-422.646810 
505.649612 
-498.033597 
-489.224430 
509.480285 
-499.070696 
611.950323 
-478.110690 
