-489.385705 
527.751138 
-504.208426 
449.196850 
-490.894104 
509.795975 
-447.436850 
519.888538 
530.846729 
-490.234798 
502.552530 
-489.171906 
493.842373 
-497.158418 
454.035880 
-499.040726 
508.030342 
500.294089 
-504.848012 
500.421580 
-555.363483 
549.023982 
-578.866143 
440.151483 
-466.202986 
463.030084 
-407.965183 
427.359235 
521.022910 
-471.401056 
528.396292 
-442.928885 
489.901762 
-522.082394 
523.678503 
673.590858 
-594.553769 
579.563194 
-471.089778 
-468.493089 
562.234261 
-535.787839 
506.726436 
-645.470812 
501.995652 
-483.586925 
490.469650 
-499.606897 
505.216779 
