507.696150 
-478.958472 
582.949758 
-398.959577 
503.007161 
586.052154 
-467.049973 
493.765571 
-475.384993 
585.742905 
509.456934 
-499.264236 
502.691810 
-491.532063 
509.084800 
-487.101117 
521.227278 
-412.805286 
-492.155318 
484.393913 
-481.112075 
545.157323 
-500.378136 
-489.919100 
487.078194 
-502.002842 
513.861043 
-506.304810 
358.823343 
-491.533502 
504.765425 
-497.571786 
354.503293 
-497.826929 
513.490038 
-485.254751 
-494.311453 
510.658384 
-506.899936 
388.252802 
-477.455969 
480.125308 
-544.946050 
479.841093 
-525.122571 
492.897652 
-521.367317 
501.800215 
-497.560933 
