-477.037742 
495.275550 
-480.532013 
489.267564 
-483.857607 
465.327947 
-491.120299 
-425.042181 
612.907133 
-573.134338 
512.678074 
-502.433935 
503.517466 
-491.561825 
-499.737411 
490.561209 
-592.455744 
494.981758 
-496.146796 
385.771999 
-490.707825 
496.144667 
-499.474821 
477.295414 
-489.613803 
520.692697 
-484.340366 
-501.596342 
494.902269 
-494.891813 
508.715701 
-511.796671 
501.612506 
-548.832894 
501.452225 
-487.237250 
-489.982986 
505.165992 
-492.343606 
499.032774 
-462.278228 
401.631622 
-487.723107 
530.809238 
527.125351 
-530.516773 
510.579625 
-497.551457 
499.470224 
