-478.651779 
410.818662 
-581.432011 
557.492294 
-500.299302 
490.247779 
506.024361 
-503.092884 
483.860301 
-504.213097 
515.741954 
-484.588855 
506.827093 
-485.801219 
-467.875534 
545.926848 
-479.441861 
516.117807 
-482.328308 
523.292510 
533.067838 
-436.062971 
529.145589 
-467.123624 
447.859053 
-616.248204 
567.779209 
497.012457 
-433.206149 
557.933648 
-425.278035 
536.634384 
511.167764 
-408.837868 
511.417539 
-500.008939 
531.074699 
-476.804524 
-492.448409 
512.107614 
-528.315394 
508.192009 
-491.422599 
505.699408 
-498.670292 
498.320110 
-472.893792 
-490.328459 
515.651922 
