-547.948757 
528.983285 
-512.516111 
458.921986 
-586.979307 
502.285324 
-485.995677 
-500.135110 
497.829053 
-457.804458 
538.429950 
-431.988217 
-449.589048 
634.497184 
-479.978374 
529.880559 
567.461064 
-461.348244 
556.860988 
-414.121951 
-421.315001 
629.402879 
-389.356900 
-399.822747 
547.288554 
-554.718677 
554.086172 
483.162685 
-391.605361 
516.822519 
-467.772102 
563.107198 
579.801753 
-485.706541 
400.023974 
-489.656989 
513.606958 
-445.581460 
551.568414 
521.859349 
-386.540591 
514.633095 
-403.690569 
364.221534 
-660.045764 
598.952032 
-473.644212 
-493.659645 
491.104927 
