-545.613277 
487.883289 
-491.390734 
476.351688 
-491.589552 
480.355439 
-502.227913 
-427.779589 
520.746837 
-474.589023 
523.632867 
-448.561318 
-485.838505 
543.162846 
-585.375509 
453.107240 
-603.675459 
522.253543 
-438.167719 
418.590649 
-496.250590 
503.726665 
-438.727567 
-509.844478 
550.513421 
-448.401903 
483.983112 
-476.816721 
502.825683 
-498.255827 
-466.667969 
489.823951 
-450.351463 
501.128436 
-438.662610 
516.293054 
583.856452 
-497.294004 
506.590259 
-482.647993 
507.916140 
-504.446085 
504.102602 
335.812938 
508.187870 
-473.427680 
-489.154555 
478.084495 
-478.165560 
