521.253233 
-433.127761 
-450.086322 
512.183823 
-462.042703 
522.772101 
-481.681318 
514.105891 
-458.689171 
-481.304216 
536.596763 
-497.112164 
450.572228 
-488.035278 
550.732136 
-543.632619 
509.848867 
528.435068 
-494.889647 
592.822247 
-397.208728 
-395.941230 
626.793795 
-432.559269 
-428.270287 
584.713045 
-508.527567 
530.297754 
-618.991744 
508.616407 
-444.977152 
393.109636 
-449.386511 
-493.217141 
511.520562 
-493.644106 
523.924665 
-470.441175 
509.976096 
513.376360 
-508.600142 
496.634861 
-501.413757 
392.034119 
-491.706385 
493.396391 
-490.099504 
487.630765 
-606.503012 
