-708.604163 
285.507516 
290.124891 
-706.013634 
287.520318 
297.408578 
-706.060205 
284.826601 
286.248220 
-710.006156 
287.013322 
288.190274 
-715.407093 
286.275393 
297.685287 
-715.697918 
291.050924 
286.055955 
-708.323782 
293.209156 
285.023879 
-711.944944 
303.129162 
289.754178 
-708.343101 
286.305887 
287.220530 
288.868653 
295.603568 
291.271852 
288.073168 
-709.049074 
287.469619 
287.463686 
-708.396160 
285.168655 
285.047230 
-713.681336 
285.920679 
285.571141 
-712.845066 
285.393593 
286.114750 
-710.292789 
285.658650 
290.647142 
-711.461227 
294.957589 
285.256607 
