-704.064120 
292.881565 
284.088942 
-687.654022 
282.310353 
284.840512 
-705.266910 
289.953617 
286.904185 
-697.615017 
291.143995 
298.975960 
-708.389971 
287.403338 
292.912614 
-715.496777 
287.762003 
298.437163 
-703.575014 
288.185766 
280.819977 
-696.084508 
304.073322 
285.712164 
-718.576657 
293.095242 
292.314867 
-712.499310 
295.276576 
287.931765 
-700.219361 
288.746365 
293.412775 
-702.518630 
299.421745 
285.969080 
-715.272615 
293.030386 
296.814626 
-713.436826 
294.441865 
291.067164 
-704.500297 
289.979662 
290.070552 
-692.832173 
289.579564 
286.705802 
-714.229971 
