310.860212 
295.466539 
-705.540499 
302.156502 
313.491343 
-714.760118 
305.447077 
305.809215 
-695.982172 
303.828307 
303.941584 
-696.223001 
306.619429 
303.191758 
-707.346306 
297.905489 
306.687672 
-696.582537 
302.554659 
311.360925 
-690.437819 
305.574538 
308.359088 
-698.800855 
311.112667 
298.249315 
299.718498 
294.458804 
302.017976 
304.306942 
300.117307 
309.766030 
310.650042 
297.799540 
-705.611005 
295.241888 
298.850152 
-709.793177 
314.922299 
286.732069 
-702.426536 
308.133720 
298.593597 
-695.260769 
307.928625 
294.818740 
-710.499170 
301.184401 
294.381682 
