-710.048677 
308.867210 
295.411859 
-710.062025 
298.989898 
290.219430 
-700.259402 
298.872406 
305.505599 
-709.200438 
292.999888 
292.368792 
-712.859627 
296.397774 
299.454957 
-711.033413 
287.843625 
299.728346 
-698.452430 
298.264625 
289.904332 
-702.879152 
287.518332 
293.080770 
-710.870433 
295.839600 
292.003003 
-708.767656 
300.572637 
288.590873 
-709.048328 
306.946076 
295.482203 
-713.418237 
297.280624 
300.363489 
-706.001338 
298.773212 
297.142067 
-707.632829 
295.088362 
298.364702 
-702.834321 
304.063971 
296.915182 
-696.940560 
292.616224 
294.133860 
-699.867219 
