291.390475 
295.543686 
-695.509696 
302.392750 
297.575665 
-695.335753 
304.797917 
294.795286 
-696.929882 
291.212148 
303.635727 
-697.959303 
297.838463 
303.743872 
-701.284644 
294.477139 
301.812944 
-694.433606 
296.184774 
300.758138 
-706.626380 
298.273637 
292.878619 
-703.142266 
312.060931 
298.208475 
-705.709999 
308.084842 
294.011843 
-697.181463 
306.962799 
290.719435 
-701.666874 
297.548067 
297.088534 
-708.206625 
303.356838 
294.869091 
-706.322800 
296.884493 
290.505455 
-693.781741 
299.565316 
303.645962 
-694.723981 
299.208048 
299.701235 
-709.432692 
297.192904 
