290.262363 
-699.163800 
318.167183 
291.048390 
-689.983563 
297.228440 
299.313510 
292.308946 
290.887783 
299.706206 
-706.901635 
296.141234 
301.802526 
290.763837 
295.252867 
296.575856 
302.226570 
288.991311 
292.068524 
-702.001119 
294.869306 
288.935532 
-710.085697 
295.209354 
293.402200 
-703.891831 
288.683745 
299.736040 
-698.841169 
298.457710 
289.337057 
-699.877709 
291.097868 
286.505243 
-711.627257 
305.123847 
302.851006 
-709.787521 
304.204950 
293.534517 
-690.956636 
288.756142 
297.134763 
-706.500452 
285.791530 
295.079438 
-708.113844 
289.823874 
291.232273 
