-700.979504 
292.488663 
313.385178 
-703.894530 
304.068603 
292.891679 
302.370562 
293.819030 
295.729949 
312.405341 
293.535723 
290.893579 
304.435363 
298.091426 
-696.495000 
303.540475 
297.835650 
-714.431594 
300.994910 
298.056134 
-702.777311 
313.007197 
289.643935 
-706.581827 
311.199622 
290.353821 
-700.318818 
301.270105 
293.839668 
-705.808487 
306.313565 
295.746267 
-707.463350 
306.276766 
295.401123 
-701.696731 
302.030215 
299.702442 
-689.228642 
309.276800 
294.126545 
-700.548582 
303.045810 
292.417736 
-697.165904 
303.910868 
297.415249 
-712.469594 
307.677224 
