290.840771 
-699.588588 
300.977193 
285.797041 
-714.091578 
301.715374 
289.216162 
-715.247558 
293.003345 
282.619375 
-709.378305 
288.635890 
299.207182 
-710.364657 
289.561151 
286.297366 
-715.462801 
288.078839 
291.848798 
-706.975903 
278.895955 
286.483111 
-719.253760 
297.785333 
288.225248 
-705.861768 
291.474296 
303.500334 
-719.393252 
295.286343 
291.282707 
-698.988320 
293.122364 
283.063391 
293.425136 
278.558409 
288.533296 
286.304647 
-695.985894 
294.685201 
288.074662 
-714.768514 
293.319417 
284.690381 
-710.354803 
289.814210 
288.784436 
-721.997144 
282.339116 
