279.052179 
-673.446966 
284.626036 
284.353906 
-720.210998 
296.943372 
286.183029 
-720.693559 
283.262196 
295.213554 
-713.099035 
288.097597 
283.083251 
-700.133557 
282.505102 
289.089264 
-718.975187 
294.162450 
281.891780 
-718.606790 
281.675009 
297.182927 
-718.630804 
286.095453 
285.630815 
-707.927347 
289.458763 
287.004113 
285.849683 
294.954905 
281.896813 
287.404501 
-712.653792 
288.124472 
281.737909 
-717.602336 
285.195601 
287.126544 
-706.512455 
285.680260 
292.533074 
-710.614206 
285.432402 
277.027520 
-711.343077 
292.131690 
282.656523 
-717.830515 
291.866021 
