295.506900 
-709.551742 
284.036086 
278.693142 
-696.281664 
275.907952 
276.012185 
-724.421012 
284.237406 
281.053826 
-720.363460 
278.798643 
290.329566 
276.676203 
285.675801 
275.637807 
278.465721 
-713.887171 
275.337314 
270.595468 
-712.917586 
287.112133 
272.381079 
-725.882507 
287.333122 
275.615447 
-714.104960 
279.836308 
294.935731 
-731.230287 
269.504468 
288.512688 
-710.212513 
278.948512 
277.234219 
277.028569 
-712.616333 
271.696051 
288.163909 
-704.436849 
287.480107 
266.453971 
-723.675140 
276.341717 
281.904779 
-704.022101 
282.788927 
289.358329 
-701.458379 
