282.556041 
280.301188 
-716.394187 
310.978542 
286.349520 
-711.805412 
280.394616 
302.881924 
-727.112531 
276.311149 
280.541874 
-711.953958 
286.549937 
269.466541 
281.773496 
290.185687 
275.350290 
283.383340 
-726.838428 
288.177695 
282.326907 
-725.374013 
276.060064 
285.279228 
-729.012411 
270.483596 
273.211797 
-713.794486 
284.252155 
279.753101 
-730.789686 
283.261911 
276.745438 
273.622891 
276.946555 
279.779944 
271.312881 
-719.875241 
282.554801 
294.183160 
-708.335515 
279.512851 
286.149632 
-714.245499 
264.353100 
275.451852 
-728.810660 
295.449758 
279.119186 
