177.961521 
181.641919 
195.086854 
182.298370 
178.191266 
-820.990293 
182.703577 
186.973101 
178.684042 
178.500135 
-823.316907 
190.483467 
194.953639 
178.990087 
-810.366211 
183.440140 
180.303584 
187.081423 
181.182149 
-826.312807 
177.274823 
184.726442 
201.727532 
-828.045328 
178.157726 
179.232108 
175.695812 
189.970163 
-824.480064 
178.971319 
182.356061 
184.636405 
-804.494445 
197.599196 
170.683176 
177.531520 
183.553284 
-810.181036 
177.822356 
175.750293 
176.045564 
183.488981 
201.316748 
173.893650 
180.119496 
177.837789 
-821.169044 
190.461295 
177.719090 
