-714.403568 
302.565900 
302.477210 
-722.415235 
278.555621 
275.457766 
-709.046876 
277.929649 
269.351413 
282.988827 
271.344063 
282.300960 
274.186308 
-729.675952 
288.693939 
281.514015 
-722.653972 
274.127039 
282.264093 
-718.109357 
278.020401 
288.731288 
-710.651382 
279.021559 
283.627319 
-718.504379 
296.566249 
280.462726 
-724.393696 
287.718779 
281.036000 
-726.146168 
271.722268 
283.824358 
283.228211 
286.087681 
274.342046 
284.129020 
-712.510887 
275.540424 
272.896239 
-710.542240 
288.422659 
281.605158 
-734.012168 
274.751630 
286.438918 
-727.955744 
283.010618 
