266.492596 
-695.781151 
275.901698 
275.776133 
-710.997248 
309.409633 
270.871020 
276.502494 
281.388467 
302.500711 
281.417861 
-727.266745 
272.843786 
300.977672 
-719.804055 
267.622015 
281.025131 
-707.958300 
287.531487 
268.166611 
-719.134001 
277.130983 
276.023859 
-715.542259 
275.769499 
289.845864 
-722.069776 
267.723035 
276.921656 
283.821117 
282.406726 
283.416185 
277.810367 
-712.109900 
281.038234 
282.593226 
-729.431663 
269.812643 
275.733396 
-723.004270 
263.580582 
290.926512 
-720.269121 
284.551446 
275.877841 
-706.944492 
276.290637 
272.789629 
275.414783 
