289.511783 
272.609393 
262.132615 
-723.781832 
289.136148 
271.969000 
-717.550266 
281.456598 
269.472389 
-720.106002 
274.598636 
291.938284 
-733.797505 
270.081207 
272.816349 
-719.731566 
279.768420 
276.104329 
-720.554372 
279.852898 
270.383323 
-716.830225 
275.875217 
266.015995 
267.089440 
-748.068032 
277.273506 
297.352487 
-730.504713 
274.426510 
296.545338 
-701.332437 
283.579319 
280.999535 
-730.465100 
282.741640 
284.439006 
-727.517374 
284.392632 
265.610934 
265.302825 
274.196832 
273.316913 
277.195708 
-705.875254 
288.843355 
281.375607 
-717.486990 
259.491922 
