276.778894 
-738.487022 
291.211954 
283.849725 
-739.426618 
266.109023 
296.189165 
-733.578388 
289.650063 
272.218097 
296.126136 
285.654050 
269.715449 
267.305243 
-712.136357 
270.737710 
273.042412 
-736.511132 
276.070523 
262.562132 
-727.122688 
270.502515 
291.985062 
-727.115644 
269.287400 
261.581362 
285.139193 
273.503984 
282.457276 
265.975983 
-727.001132 
271.294627 
263.037980 
-719.266512 
295.916730 
280.122268 
-725.402765 
270.024222 
292.767412 
-719.653751 
284.362009 
282.398537 
-723.041377 
262.530642 
263.373169 
260.733766 
-702.081879 
261.480688 
268.009151 
