-743.687911 
305.514175 
276.287542 
-732.968786 
268.845582 
291.735343 
-746.029707 
279.887111 
281.685456 
285.213560 
283.540863 
274.712187 
281.377294 
-722.505764 
264.831049 
280.567250 
-731.117457 
286.930664 
270.212790 
-721.030781 
257.181047 
274.829661 
-729.064437 
255.768344 
258.830461 
287.689956 
260.462468 
261.395370 
274.436455 
-719.980355 
266.957964 
277.810953 
-718.054523 
279.433823 
266.088136 
-732.850829 
270.645393 
271.163372 
276.208911 
259.718871 
271.114306 
294.290598 
-737.828112 
279.015748 
280.247512 
-725.909606 
272.789943 
273.106892 
-712.742003 
