289.646535 
269.498796 
-729.314644 
273.488994 
285.105670 
270.186997 
269.066434 
265.774168 
286.192869 
-728.873765 
280.237632 
262.679300 
-697.488238 
261.633632 
281.633763 
-725.604829 
279.233627 
256.827299 
-712.891274 
273.285063 
270.689296 
264.313490 
277.647737 
277.569459 
278.790033 
-721.802299 
275.078194 
278.314306 
-713.296435 
272.208121 
281.253743 
-729.927984 
291.887172 
264.811583 
-727.131754 
277.655465 
292.593513 
-720.756872 
277.577125 
253.979160 
280.746579 
-730.130036 
261.441136 
256.361175 
-728.304218 
268.409088 
256.776995 
-720.133029 
270.944367 
