271.758022 
272.144046 
281.792755 
296.086197 
282.647217 
-735.994518 
271.561720 
280.784765 
-730.168788 
274.746986 
254.297450 
-713.490003 
257.987624 
263.351189 
-729.266592 
301.470703 
271.649049 
269.450846 
285.529996 
280.527291 
257.531585 
-724.704644 
269.759583 
284.662800 
-733.174165 
269.103225 
277.283633 
-723.578520 
287.722260 
274.340129 
-699.910967 
291.872986 
268.846505 
-705.990614 
272.979166 
278.354751 
278.386188 
263.407352 
275.700173 
267.684698 
-718.863068 
284.040625 
264.009001 
-718.108235 
276.211975 
258.895904 
-738.077637 
279.767011 
267.656696 
