-731.753868 
263.522645 
280.572355 
279.403533 
-724.115781 
280.776584 
282.935264 
-743.566418 
253.483138 
265.089232 
-718.479203 
272.212138 
288.993844 
-719.198527 
290.319877 
264.704617 
267.498542 
271.299505 
283.583015 
263.129661 
-739.800254 
265.808763 
284.972480 
-717.544674 
288.838557 
281.031767 
-700.557741 
277.764140 
259.095280 
-720.561800 
287.891667 
287.936149 
-726.873408 
281.941553 
269.692151 
277.292981 
262.510280 
277.966030 
292.765462 
-715.171418 
286.463396 
253.483280 
-726.776966 
261.776772 
267.830522 
-746.467220 
287.860274 
269.394639 
-716.784538 
