269.739570 
284.666554 
263.412454 
-732.092211 
268.207631 
282.268716 
-723.908258 
266.615166 
257.310644 
-715.409095 
238.969603 
278.495758 
-735.482190 
285.527364 
266.948825 
248.560298 
-749.925051 
284.804489 
267.049926 
-720.423143 
258.938280 
269.256460 
-723.738014 
257.859469 
268.777418 
288.343212 
248.876590 
270.712737 
267.140887 
-720.741036 
267.186377 
253.796187 
-718.565247 
283.739040 
281.821281 
-716.360935 
266.820147 
276.928946 
255.170892 
272.642007 
270.181930 
292.891653 
-718.127641 
269.807864 
254.849044 
-705.911534 
254.989440 
272.549983 
-733.191696 
