291.537446 
250.515447 
-723.077612 
259.015955 
299.850207 
267.349744 
-727.496081 
275.345767 
291.561806 
-707.895396 
249.016965 
273.040348 
-712.639181 
261.394449 
267.381711 
-718.301557 
280.796297 
273.969192 
249.503680 
282.543044 
267.964270 
253.786014 
-711.196789 
263.021650 
293.622233 
-720.950164 
250.883097 
263.945025 
-724.540870 
276.763530 
267.301757 
260.571174 
282.170175 
270.215517 
247.566952 
-724.210170 
279.172920 
282.696693 
-726.886430 
285.204265 
281.715121 
-729.971081 
276.545895 
284.949275 
-711.427291 
278.509105 
265.787131 
269.202830 
276.925210 
