285.358654 
-705.412250 
289.377944 
283.721132 
-718.744580 
295.317800 
279.518387 
-724.830188 
284.310857 
276.958391 
-716.314155 
291.962144 
282.865052 
-703.420520 
290.135464 
273.435357 
-711.157280 
297.509674 
284.590796 
283.885515 
292.489560 
288.807520 
285.878690 
282.393546 
279.198327 
280.971499 
-698.920272 
285.744850 
275.060811 
-700.363764 
288.014128 
276.395033 
-708.525111 
286.119540 
281.275598 
-714.536914 
289.864829 
285.652753 
-700.466448 
287.468834 
281.939123 
-710.369849 
287.631942 
282.863820 
-712.094785 
289.880793 
274.057662 
-731.351024 
272.148320 
