273.238423 
281.893648 
-728.991693 
273.542649 
246.519864 
-728.621518 
253.961042 
272.488387 
-754.653594 
271.806152 
252.581053 
292.843591 
-737.316220 
273.082438 
253.475278 
-726.564680 
249.263156 
245.674612 
-731.246383 
279.832376 
259.037350 
246.516957 
-733.758981 
277.193431 
251.722039 
-736.645582 
263.624597 
259.631314 
-750.920894 
277.725219 
262.059734 
285.028990 
-729.580884 
261.797736 
274.113434 
-734.699089 
268.198356 
273.627790 
-728.466760 
293.284219 
250.635595 
-731.852088 
289.083296 
259.767696 
278.128550 
284.671447 
259.433944 
275.514676 
-716.946355 
