248.120746 
265.828626 
-702.759679 
260.920399 
282.413093 
-730.303567 
297.746132 
251.474669 
268.739270 
255.307442 
276.375650 
273.345133 
-731.648771 
267.285469 
289.489594 
-741.756028 
251.035456 
277.106500 
-734.210924 
267.077927 
280.138712 
268.584473 
288.207992 
245.388399 
267.997315 
-734.108114 
286.266987 
282.479027 
-735.170248 
282.641867 
284.057518 
-733.589649 
272.687194 
278.800663 
-721.148767 
277.205317 
245.282406 
267.083178 
-723.651674 
263.318561 
260.203614 
-728.666310 
283.887569 
279.229699 
-759.276816 
270.336364 
264.498889 
287.069928 
270.072957 
