262.307936 
284.501359 
-752.398850 
250.981344 
287.271248 
-722.756096 
264.455021 
254.052472 
246.745571 
291.940954 
244.916406 
266.873559 
-710.920437 
261.086731 
265.837980 
-737.832325 
265.886786 
285.539804 
-718.079990 
260.280118 
279.166787 
-699.921992 
266.255898 
280.423922 
265.820658 
-712.290373 
281.055554 
245.947663 
-727.354382 
276.383557 
249.145143 
-727.877954 
258.065398 
265.049544 
257.643729 
275.505789 
247.985755 
269.547191 
-710.689537 
267.926342 
269.287722 
-736.087612 
274.991706 
261.442092 
-734.046897 
273.526382 
258.872034 
262.706877 
-737.889670 
