284.945156 
277.918700 
-727.541025 
261.134826 
282.057546 
-716.087460 
244.877844 
246.078193 
-728.007525 
286.415410 
270.017700 
245.461554 
-730.266144 
236.538526 
268.431880 
-737.577354 
258.739779 
259.697077 
251.397075 
254.339363 
281.531191 
261.994962 
-726.974752 
277.194192 
288.449710 
-721.236633 
261.997478 
264.447753 
-732.018893 
276.656276 
243.301025 
274.693989 
264.643032 
262.514196 
253.484779 
-705.288797 
269.809444 
255.770170 
-751.878201 
273.439227 
288.731950 
-726.540840 
245.988555 
279.384580 
289.783777 
-756.545212 
273.459543 
280.170372 
-711.575568 
