243.641659 
243.355187 
-731.605747 
274.603272 
260.436100 
242.493989 
273.388429 
254.328648 
285.138079 
-719.292164 
276.184161 
291.761454 
-746.279131 
271.331404 
247.315960 
-743.459454 
257.841053 
267.806423 
246.204587 
-732.299277 
240.034887 
249.076147 
-756.592799 
260.697819 
247.025727 
242.517344 
-730.953410 
292.181602 
273.573563 
-723.803334 
266.174341 
277.414817 
-749.762943 
251.175175 
240.391650 
295.274922 
271.584825 
255.884911 
269.780525 
-730.274669 
261.958408 
271.180642 
-759.859899 
277.659384 
265.435395 
246.678954 
245.421018 
287.304837 
268.168494 
