-760.070258 
248.403963 
277.711539 
-734.810386 
252.480923 
252.472355 
271.281525 
254.171269 
273.834194 
259.883786 
-736.296249 
260.637281 
240.234170 
-728.350696 
263.703884 
276.713021 
269.310781 
255.986183 
287.372390 
265.240989 
-728.532508 
249.280543 
268.217916 
-714.694505 
260.330576 
272.258108 
-708.611818 
276.795047 
262.259469 
270.926627 
290.957537 
269.976119 
281.267055 
-714.083088 
258.648897 
264.700744 
-750.835759 
277.983021 
273.613282 
-716.197953 
279.763754 
271.602868 
256.938730 
291.016833 
256.607920 
241.858880 
-728.354748 
270.705732 
269.412304 
