-749.028798 
268.123409 
241.679658 
-715.448069 
279.205050 
287.577377 
238.785751 
-716.443544 
245.250181 
289.160129 
-731.564497 
245.481055 
270.268104 
-729.346695 
267.306567 
283.958859 
286.972797 
274.582559 
253.091110 
261.479969 
-706.920170 
254.002968 
245.785977 
-720.994273 
245.790948 
274.963382 
240.643349 
263.057049 
277.077317 
257.388149 
-736.775384 
251.758081 
272.962294 
-737.776961 
282.933349 
271.271661 
247.886649 
254.345929 
282.702587 
265.666914 
-718.690645 
256.369285 
250.402166 
-735.447841 
246.551418 
255.185666 
236.140714 
-750.021924 
260.303484 
