261.351403 
-750.377097 
277.261977 
242.651792 
-726.544891 
274.030004 
275.834426 
265.165901 
-740.778932 
244.023924 
279.707120 
-706.130830 
271.399777 
269.378455 
-741.664270 
241.435747 
258.014789 
278.106161 
261.613757 
255.307541 
273.706283 
-733.415534 
271.085184 
285.200095 
-703.749972 
288.126179 
280.594068 
-739.074940 
281.673355 
283.145185 
-740.647704 
268.610649 
267.067995 
280.756643 
259.403774 
249.656814 
257.143783 
-705.212220 
262.772117 
244.379049 
-730.453328 
270.740766 
283.187946 
-720.187889 
258.731848 
280.076006 
271.321603 
-647.045048 
348.132082 
