-653.049660 
337.208601 
284.504502 
-723.975267 
278.215375 
286.920656 
-723.636226 
248.043799 
277.601860 
253.302401 
256.976316 
275.197798 
272.015029 
-731.933306 
273.209854 
241.713620 
-742.471427 
283.185228 
262.211476 
-736.346194 
286.916553 
289.308091 
242.183746 
-725.767920 
275.911116 
282.454316 
-738.383821 
247.619952 
248.066335 
-751.152852 
285.109883 
252.304373 
277.800700 
255.133352 
270.299555 
285.005901 
-730.054687 
278.225563 
261.479818 
-728.735786 
251.363477 
305.234787 
-730.113022 
284.434638 
278.445224 
-730.302785 
282.097341 
266.170877 
270.858262 
