-707.354682 
278.721951 
239.449522 
-748.296579 
270.692051 
261.517691 
-710.794729 
263.762076 
288.230328 
237.433678 
244.955952 
265.669576 
261.358973 
-729.384937 
234.023702 
263.928905 
-718.412220 
297.801092 
271.060218 
-734.641350 
281.422376 
243.248541 
239.236955 
-709.815209 
264.412499 
241.416787 
-759.811730 
280.045009 
274.753546 
-754.289542 
268.985708 
254.546080 
279.248117 
-763.034862 
255.910704 
276.690263 
-755.203770 
259.181593 
240.711203 
252.642339 
-754.925381 
256.381220 
260.630393 
-733.814708 
261.633564 
293.704622 
-711.160391 
263.081745 
284.681963 
