274.789005 
257.123058 
-726.381416 
258.401858 
289.445490 
-742.567755 
255.832145 
260.836738 
-726.318061 
254.567207 
257.091041 
258.459491 
275.491426 
254.834774 
261.639412 
-734.102291 
274.442918 
262.116632 
-741.527260 
257.229628 
271.145401 
-744.538369 
259.019768 
256.061256 
269.388737 
-744.343885 
258.158082 
257.752388 
-717.744314 
259.861213 
255.716475 
-742.064019 
277.513368 
254.601916 
251.210118 
-739.181579 
273.107169 
260.668199 
-742.829639 
255.742959 
275.466635 
-743.149668 
262.817812 
256.935033 
269.119702 
-737.882083 
255.679579 
258.453814 
-729.251233 
