-756.437325 
281.553200 
285.467848 
244.244888 
-731.622433 
266.194845 
273.221177 
-753.545048 
258.945993 
283.027503 
-709.452205 
268.627257 
256.185929 
291.940114 
257.137897 
264.219994 
286.011025 
-710.845027 
275.248811 
260.017191 
-725.034195 
267.800927 
291.652712 
-758.477946 
265.791316 
272.299894 
256.640626 
283.118797 
273.516587 
259.535902 
-695.595541 
271.204763 
280.006787 
-707.614962 
271.832407 
265.325603 
-730.518945 
253.689348 
261.133773 
-760.645061 
234.907668 
284.268454 
257.024232 
-714.345002 
265.217210 
295.213758 
-703.451336 
262.992042 
268.156082 
