-721.754750 
273.928282 
263.877097 
-759.499469 
291.469589 
258.328014 
250.762088 
-764.962487 
245.688533 
269.963054 
-736.750112 
243.413588 
302.989068 
-746.830866 
265.124135 
232.084548 
237.899802 
-749.820170 
259.088698 
228.081789 
-712.984771 
280.431058 
259.358731 
279.395570 
285.728608 
261.573633 
281.332326 
-763.933868 
246.576914 
290.667806 
-725.539710 
251.667671 
252.544489 
-718.798280 
259.682750 
286.554376 
252.829067 
-749.752179 
257.789565 
282.708848 
-753.489988 
289.391369 
259.943640 
-763.442473 
277.121653 
251.170795 
291.872171 
-764.913682 
253.283449 
