261.670366 
-759.576484 
274.953503 
270.055257 
-727.444223 
265.907399 
267.602441 
248.686924 
-735.267948 
281.285610 
261.862715 
-697.745803 
266.249877 
255.115936 
-742.753497 
278.226714 
233.244933 
274.744295 
-751.587329 
287.425300 
251.787794 
-748.019822 
232.283943 
242.101625 
236.730966 
239.904576 
267.401476 
242.680851 
-719.265522 
270.070712 
236.826093 
-716.759132 
237.455286 
272.172724 
256.398201 
-734.534392 
241.792723 
278.897990 
-762.722398 
298.287468 
260.863730 
-735.370378 
260.336005 
277.062430 
273.129090 
-758.065901 
285.800083 
252.849302 
-752.891013 
