264.500585 
263.765449 
-735.953699 
257.054934 
243.428965 
237.499091 
-747.143677 
280.117388 
261.464275 
-720.571871 
273.163788 
285.963673 
-711.045452 
286.309062 
277.659171 
-737.690354 
236.784091 
273.734951 
251.295447 
-697.450183 
254.159617 
263.457009 
-742.088266 
265.602520 
258.879884 
-731.688625 
274.142958 
237.477985 
241.526391 
-768.512356 
284.051150 
239.218702 
-715.966368 
280.747100 
297.015156 
-764.744240 
238.450919 
249.764461 
285.788106 
-768.124572 
273.162942 
254.913147 
-748.303724 
240.837185 
278.387141 
259.766180 
285.419515 
277.082115 
256.778271 
