-730.957758 
255.949414 
256.079183 
-722.466659 
275.251594 
294.544510 
-745.831904 
231.952588 
253.193845 
233.925068 
-719.261754 
243.388655 
246.550549 
-701.284264 
261.644657 
269.477387 
-718.927634 
281.864098 
249.530043 
235.528506 
-757.910003 
238.327295 
264.042949 
-760.525559 
278.339853 
272.048732 
259.206623 
-712.505378 
240.104631 
272.990117 
-762.265652 
280.139244 
244.734476 
251.501591 
253.818802 
258.831697 
239.547892 
-755.366312 
264.994106 
271.910889 
-763.154402 
280.290357 
236.816053 
250.953545 
-738.223487 
271.371598 
267.108957 
-729.185121 
253.045843 
