279.791885 
-736.477432 
240.990447 
237.698867 
236.160622 
-752.921895 
287.466451 
231.042211 
-716.384895 
258.778964 
229.534449 
245.575002 
-766.591892 
246.871861 
234.535053 
231.886790 
-756.985557 
245.000863 
232.418136 
-765.300504 
239.903365 
259.871127 
267.016990 
-753.616240 
268.930289 
239.975269 
-733.941146 
254.641540 
247.214414 
257.947799 
-738.437995 
240.741061 
263.806622 
-759.248123 
238.487075 
236.039049 
238.633262 
-747.020011 
250.344885 
255.763388 
-746.520891 
274.954164 
225.999897 
235.883914 
-745.745843 
254.018034 
257.521693 
-739.204814 
270.182058 
