235.943104 
242.795331 
-762.950989 
280.421402 
243.614817 
-720.155175 
233.959055 
256.485250 
260.832553 
298.993315 
281.137415 
267.614002 
-755.981101 
275.262782 
245.798758 
-723.328133 
245.207506 
233.628458 
263.398148 
232.663428 
262.059437 
269.826590 
-716.667334 
272.986595 
253.265473 
-712.646795 
233.065795 
257.696875 
264.506834 
-736.373329 
232.224749 
243.241317 
-718.113964 
279.424634 
223.314756 
260.871556 
295.695717 
235.327179 
239.283198 
-710.739351 
242.084505 
255.211707 
-737.291900 
248.177384 
261.737008 
257.239388 
-754.506649 
246.554678 
261.521498 
