-760.697675 
244.787472 
305.238630 
265.836560 
-766.635969 
260.244506 
270.427840 
-738.498397 
230.744611 
233.698008 
259.759287 
-710.668836 
235.983670 
238.862205 
-750.430203 
238.726208 
235.412339 
268.618433 
-752.899852 
235.813301 
290.784671 
-737.349432 
275.131072 
275.288081 
-711.898277 
236.026169 
244.481961 
235.828263 
-752.167194 
246.944447 
300.016589 
-735.609699 
259.540423 
239.551700 
260.226279 
-731.729311 
287.876885 
241.677179 
-732.449960 
257.051805 
240.703795 
-725.011330 
249.717210 
257.425990 
264.997735 
-767.045501 
293.276467 
238.337714 
-751.055308 
