270.222104 
255.736442 
266.378914 
236.924091 
233.993818 
248.155495 
-729.416917 
242.509699 
299.671509 
-703.631149 
230.768811 
264.977890 
243.740165 
-714.296188 
229.923727 
258.331646 
-768.678559 
236.423352 
271.412592 
233.183119 
-727.378824 
278.701145 
295.736197 
-767.435461 
257.868087 
277.303724 
-767.072249 
228.650317 
232.001143 
232.426928 
-756.609251 
233.501369 
231.307156 
232.064288 
-716.732673 
238.729710 
251.660354 
-725.454166 
277.089432 
259.032778 
260.715621 
280.430607 
229.401658 
235.334349 
-762.773317 
291.826797 
268.119363 
-708.295287 
243.223233 
