240.311118 
236.328081 
-746.668768 
270.349125 
239.700244 
-759.555157 
250.115714 
277.525072 
245.966073 
-752.646838 
287.896743 
232.097573 
-727.880768 
263.710921 
251.145677 
232.383561 
-727.717576 
251.460816 
256.552419 
-741.444835 
247.214538 
232.815788 
233.927341 
-707.798124 
238.565333 
279.917155 
-755.402034 
240.195085 
244.027639 
229.251554 
238.055085 
235.200177 
248.249003 
-729.539499 
230.222860 
249.790419 
290.325869 
243.210532 
232.777743 
262.877955 
-730.257850 
252.303174 
234.018984 
230.612378 
-734.008828 
238.796260 
241.284912 
-744.568575 
236.547675 
