298.683016 
309.933787 
-692.742296 
317.187456 
304.059239 
-689.023595 
313.815584 
305.453981 
-685.574155 
317.142788 
307.316110 
-691.132947 
309.169610 
309.618634 
302.602919 
301.554538 
-683.439309 
310.498176 
305.959152 
-697.815443 
305.621282 
307.405995 
-696.413174 
308.786728 
304.259887 
-692.931238 
306.658888 
306.539991 
-690.794845 
314.955368 
311.159963 
-689.533253 
303.040465 
309.746712 
-692.335245 
305.147806 
302.214999 
-693.960651 
314.255291 
306.092443 
-695.476807 
312.331020 
313.151496 
308.036264 
310.665348 
-688.492842 
303.858525 
308.330560 
-700.038763 
