288.368556 
231.574629 
224.547704 
300.533667 
231.037820 
-761.617980 
237.475907 
277.555805 
265.661935 
261.812612 
252.696952 
249.633488 
-769.516131 
223.112471 
229.413701 
279.347731 
-763.240486 
250.284286 
261.858465 
-693.010743 
272.181454 
252.344468 
-757.736039 
303.248446 
246.136505 
263.448142 
-742.812625 
257.147109 
252.479975 
-744.956970 
232.133435 
263.519555 
239.983682 
-725.335729 
278.885496 
244.893394 
-721.104261 
232.021541 
230.819289 
235.543720 
233.740729 
230.653908 
275.532190 
-720.749404 
240.101907 
257.863146 
260.470539 
332.634183 
266.907271 
