229.970621 
-722.471242 
283.334590 
280.460775 
-705.767378 
270.478042 
250.649880 
-759.541134 
282.688065 
271.592326 
-711.874774 
315.338022 
266.854942 
-711.791800 
294.867757 
266.162285 
283.215326 
302.621759 
308.969071 
271.940617 
303.903296 
238.245756 
315.001532 
-691.106732 
276.710971 
247.399650 
-720.926497 
295.850311 
311.681594 
-667.491160 
321.395158 
262.431083 
-711.232950 
306.171635 
340.135019 
351.836358 
338.058146 
-673.088947 
338.959122 
331.658272 
-740.165754 
327.412220 
314.709446 
-702.541351 
309.895920 
312.174059 
-662.346833 
286.781845 
306.923097 
