-654.607235 
277.187533 
-687.159379 
337.661432 
345.472929 
-676.541994 
309.395628 
363.360818 
-761.135762 
267.434311 
335.811366 
-669.582848 
310.473045 
296.235010 
-746.373831 
274.360870 
263.208986 
-758.107595 
273.112161 
268.638260 
273.032198 
263.582695 
233.643116 
265.006715 
-713.753937 
259.344799 
378.947360 
-738.605237 
283.065017 
300.399747 
-661.875424 
338.619176 
240.394365 
-768.419226 
289.320202 
290.308869 
-745.802755 
261.564956 
269.454082 
273.255415 
243.535299 
255.533497 
279.433025 
-747.648904 
321.480167 
237.755616 
-744.456620 
280.630792 
311.883510 
