-762.149853 
285.863818 
338.844399 
-685.329209 
320.204743 
317.768874 
-736.558823 
336.172232 
275.485156 
-701.955272 
282.254450 
281.045395 
-725.241681 
281.348535 
229.992184 
246.700872 
-749.961717 
236.302957 
292.066568 
-715.025574 
233.471032 
225.772385 
-708.664039 
299.085110 
327.951375 
-696.434216 
344.535097 
326.365877 
-678.272663 
395.425817 
-676.218198 
359.441340 
310.111552 
-576.187213 
433.476009 
-665.017564 
354.404420 
335.562762 
326.987680 
335.450559 
-707.314911 
306.096334 
306.668642 
-686.828131 
291.025517 
287.207490 
-691.567952 
280.242535 
274.940029 
