-675.808300 
341.888213 
340.846313 
-659.675242 
320.822810 
-703.327579 
315.404629 
320.434313 
-719.588856 
442.523674 
301.084038 
-698.501314 
303.365317 
311.421133 
-722.438850 
382.870047 
-659.033107 
362.539218 
340.705671 
-737.022477 
329.618399 
330.726438 
-710.863414 
301.372325 
288.080806 
-743.595847 
276.625990 
281.470192 
-710.316632 
329.924571 
335.159077 
-693.524206 
304.872210 
278.146326 
-723.923328 
295.906178 
313.427030 
-735.338331 
302.289170 
327.331821 
-705.244332 
299.814161 
285.422846 
-653.760735 
267.273152 
297.477187 
-733.840591 
333.564888 
266.767062 
