-706.996347 
311.201576 
-637.654314 
349.269412 
373.926384 
-656.857751 
275.647071 
328.957982 
-664.483737 
290.277171 
305.625698 
-728.829555 
290.310575 
266.289175 
-719.084420 
273.273039 
318.640684 
-736.803350 
292.369221 
269.698688 
-703.550748 
276.660629 
351.378219 
-732.884052 
289.004392 
278.129545 
-726.260402 
320.358370 
321.482626 
-728.839389 
358.880203 
303.453051 
-718.569047 
303.312126 
270.634844 
-679.865559 
276.222483 
326.212514 
-656.839402 
327.520457 
-742.294045 
261.519818 
317.470336 
283.315955 
291.059045 
337.145300 
-664.745757 
332.541642 
345.288811 
