-709.506468 
327.963947 
402.531818 
321.970200 
292.929134 
288.765316 
300.860751 
331.203717 
-710.547927 
337.052177 
330.414749 
-694.944410 
338.928375 
274.843787 
-733.488257 
274.826530 
305.337152 
-736.876668 
318.255681 
299.749107 
-700.928104 
277.835173 
309.746871 
-735.309720 
278.096855 
288.514080 
-701.205699 
261.411912 
261.965866 
291.958953 
285.254819 
262.951100 
275.713587 
-747.497804 
325.142264 
273.554777 
-712.463689 
266.470806 
315.403323 
-739.886760 
328.412633 
263.109648 
-720.477147 
265.632484 
274.762207 
-742.255493 
289.501560 
320.528136 
-704.819248 
