342.375536 
298.208440 
-681.920717 
301.404221 
325.817385 
-740.702409 
263.472817 
349.200846 
-633.047582 
331.562294 
319.475271 
312.927864 
261.428690 
280.618363 
-661.224164 
283.167932 
264.861784 
-692.230389 
301.819391 
314.466045 
-738.883567 
308.900179 
327.208423 
263.883296 
322.135018 
327.892324 
282.796253 
290.051080 
314.439789 
268.871016 
309.030852 
285.489311 
273.498788 
267.326098 
288.856600 
-682.092895 
294.265728 
310.552490 
325.583244 
295.384809 
282.306493 
322.219065 
300.432311 
-695.037798 
288.590140 
310.269061 
-732.831777 
337.383600 
329.444647 
