-688.963295 
260.196761 
269.005028 
-695.610941 
321.735229 
283.907593 
-711.167904 
290.432368 
285.123956 
-726.306810 
334.321415 
405.463541 
-660.551529 
298.405977 
315.242055 
-686.574214 
373.386536 
-701.641288 
258.554039 
333.901714 
-724.241940 
351.591112 
283.951661 
-697.866369 
319.632557 
287.288384 
-675.223861 
302.010504 
307.653225 
-676.158922 
347.318671 
327.095224 
-710.754407 
312.544033 
337.026423 
340.103771 
319.840286 
-694.000532 
293.351983 
307.212343 
-710.641057 
367.235672 
283.769616 
-694.941408 
345.296174 
345.909996 
-667.666807 
281.875467 
343.705872 
