-666.907377 
277.134748 
-663.572922 
310.576836 
250.883233 
305.621159 
283.038282 
310.260752 
288.594753 
327.348451 
277.150988 
278.873042 
280.521246 
264.713824 
248.182997 
-721.775929 
265.355137 
310.872755 
-701.848732 
241.976395 
237.197438 
-691.963319 
224.596344 
254.375867 
240.078983 
-763.568748 
258.194462 
252.173994 
-689.206210 
241.277715 
235.373035 
257.522336 
302.075535 
263.178105 
255.693431 
-699.268277 
290.199451 
257.615167 
-678.811126 
256.832514 
265.702957 
-682.562178 
264.775899 
286.057889 
-735.776690 
318.692389 
260.253703 
-737.522636 
247.064212 
