288.247964 
284.555571 
-701.202008 
293.769377 
284.446442 
-705.856816 
283.126753 
283.991354 
286.076562 
305.018020 
281.801151 
284.013478 
281.362457 
289.808588 
286.368168 
-704.503081 
288.019991 
291.105706 
-717.844865 
288.435876 
282.406482 
-705.809503 
284.017743 
283.521485 
-716.207385 
286.772381 
288.202809 
-712.100999 
275.743065 
291.349245 
-709.927195 
287.703009 
284.220599 
-707.361012 
285.335277 
289.209163 
-712.538802 
298.807040 
293.212507 
-704.372185 
288.934049 
292.593169 
-713.479441 
285.303287 
296.408528 
-719.693317 
289.218222 
283.091904 
-708.183854 
