259.943735 
231.850229 
-773.036643 
271.159693 
311.139520 
-696.865636 
253.452273 
270.967664 
-760.569291 
288.639458 
238.244372 
244.065451 
-742.081535 
234.791305 
292.429256 
-681.414650 
380.687210 
-681.692673 
287.709615 
245.136633 
237.521279 
-724.579810 
321.930053 
288.112687 
-697.287530 
288.975959 
322.667070 
-714.884122 
299.957286 
265.036384 
-709.779933 
318.305732 
-680.310727 
348.813259 
308.866399 
-691.452911 
264.608832 
279.877409 
-667.057984 
272.749845 
284.074140 
-668.944343 
274.855306 
320.701590 
-660.093494 
253.902439 
314.413328 
312.044688 
313.636802 
