-688.833854 
386.526872 
361.157917 
-653.468288 
319.687199 
296.671391 
-656.608672 
320.612248 
-679.818099 
365.441092 
334.713566 
-683.879366 
310.564499 
305.533562 
-669.753452 
320.435703 
284.184101 
304.708434 
343.331025 
-646.117266 
328.573016 
338.951767 
-736.832383 
265.424201 
236.763155 
-668.506293 
266.941974 
261.254586 
-759.475502 
305.018225 
240.107111 
-713.558592 
273.227942 
298.719772 
257.279982 
307.918507 
278.979074 
302.081987 
318.470402 
290.917824 
-656.473580 
271.062335 
305.080087 
231.104850 
-698.901905 
303.640162 
285.090889 
338.272409 
289.246964 
