-698.281385 
276.149085 
299.414494 
237.512158 
-673.449784 
317.053606 
282.154459 
230.701265 
289.967703 
291.181587 
-712.633426 
296.198757 
287.282203 
-738.419491 
310.136141 
294.701099 
-718.213056 
312.215488 
235.605655 
-727.787515 
255.861087 
225.655227 
-685.283444 
324.360195 
307.470227 
-751.312454 
280.528612 
275.308155 
241.563137 
254.322692 
229.834441 
240.029111 
-690.751580 
251.654737 
260.208965 
-714.967624 
304.705476 
233.791038 
243.712911 
-739.502992 
270.600015 
243.370976 
-741.332352 
243.794629 
251.110952 
-727.979121 
320.491835 
288.508704 
-699.877839 
