253.838029 
283.868946 
-687.894412 
266.905590 
237.554817 
282.640245 
-721.274653 
240.442242 
242.971085 
-718.211018 
244.288656 
227.088537 
233.105384 
-774.912958 
299.006491 
272.162528 
-709.567901 
304.068942 
335.550803 
-656.133614 
312.406146 
-587.389295 
309.862382 
391.431354 
-668.638931 
319.793534 
-665.980453 
377.622981 
403.756322 
-602.639449 
355.561028 
-664.582619 
305.305841 
330.045651 
-713.741020 
287.527707 
294.814861 
-698.359494 
323.873580 
331.084733 
-729.974288 
277.495817 
292.594506 
-657.563285 
344.287732 
-626.579410 
313.400996 
255.216592 
-684.314669 
