299.017747 
303.415851 
-725.417689 
266.436574 
318.787619 
-751.333776 
316.343309 
305.733932 
-673.563248 
336.175595 
294.459272 
-661.640165 
298.303587 
320.965966 
-728.670027 
258.359496 
331.918654 
-741.169782 
305.323543 
297.928542 
-673.911295 
336.674466 
346.139439 
296.108792 
343.288305 
-632.509588 
313.650810 
298.796651 
-652.900958 
378.141154 
-647.379520 
283.000509 
303.493595 
-683.548613 
285.090833 
260.056201 
298.123149 
271.445223 
309.532535 
254.638114 
-687.924568 
305.173237 
327.048979 
303.654391 
255.643917 
325.984399 
259.352002 
249.933927 
264.975386 
