-738.948406 
285.154653 
331.078231 
-716.516855 
302.904276 
252.208986 
-681.843721 
258.098138 
264.661141 
-722.289369 
266.379791 
307.146805 
-677.228679 
262.197267 
318.223657 
-727.682284 
330.967385 
296.458923 
-711.829292 
258.213185 
335.021993 
-693.118421 
310.998071 
309.556473 
-654.875559 
284.646023 
336.849514 
-721.170259 
317.992340 
318.026870 
-736.862294 
310.170291 
285.994744 
-734.511663 
317.580174 
266.132050 
-663.663548 
313.336554 
315.519130 
-672.453481 
274.003949 
290.862066 
-680.321702 
257.499372 
321.121011 
276.226009 
283.323284 
311.603673 
273.090781 
