250.427994 
355.207462 
291.479158 
264.732941 
275.596802 
-661.720271 
323.101889 
284.220379 
256.879505 
285.908727 
302.327389 
-718.652534 
327.349783 
309.186079 
254.183155 
284.320210 
315.608202 
322.992004 
314.456688 
-660.763376 
300.354475 
314.588583 
-756.404443 
337.005600 
322.970909 
-712.039108 
253.477692 
284.360502 
257.247794 
266.059142 
253.183546 
265.831085 
-711.816339 
275.274556 
300.384876 
-668.554181 
392.708041 
-660.035968 
313.957436 
267.787856 
-703.660730 
345.340171 
296.680539 
-759.657935 
296.153147 
298.225569 
-729.628649 
284.551211 
265.204366 
