302.306736 
334.398575 
344.723511 
-613.071078 
346.445458 
312.986209 
-747.004062 
312.081995 
268.993898 
-735.629479 
275.942826 
307.792858 
-746.060256 
286.307875 
366.423313 
-639.269434 
311.752425 
255.016625 
-728.379166 
288.975483 
248.724800 
-718.976647 
287.571325 
302.123123 
-741.486389 
289.806525 
252.782106 
-672.193313 
254.036408 
296.039867 
256.946000 
252.379262 
293.674935 
272.010769 
-677.461868 
317.495641 
262.378796 
-709.221189 
287.170000 
290.190275 
-722.235374 
298.840901 
254.016747 
-728.887827 
272.230296 
276.919879 
-683.014315 
322.449618 
315.732514 
