-680.400308 
345.119994 
339.037358 
253.835441 
324.172709 
-673.271725 
301.143449 
330.526245 
-693.746464 
320.717522 
317.343274 
-696.438492 
341.480508 
343.329879 
-679.912459 
255.924950 
286.054786 
-684.211616 
305.822450 
284.400838 
-663.968701 
315.911411 
-678.800199 
301.683375 
323.548783 
-691.846157 
256.007867 
275.201043 
-666.746178 
320.992718 
291.024674 
-741.709502 
254.624583 
270.249089 
257.518410 
-687.819133 
307.214770 
289.622056 
260.114513 
339.847078 
262.793053 
-690.836472 
307.413968 
285.833223 
295.765552 
284.156947 
289.007351 
-738.095528 
329.519996 
