292.040731 
-747.256784 
268.152450 
274.241269 
-748.965763 
253.139414 
291.349967 
-718.473859 
255.654602 
345.512789 
-641.213325 
269.527497 
254.464012 
-707.775228 
335.726826 
281.461288 
-672.270770 
254.386983 
294.806594 
-716.454084 
306.612252 
290.832626 
-705.382131 
261.703923 
255.012775 
-684.051190 
304.257008 
282.992994 
-726.128134 
248.839296 
261.346398 
303.849506 
-707.828240 
262.150437 
356.672792 
305.126101 
278.902981 
283.078528 
-706.569155 
251.664550 
306.066654 
-681.406833 
295.705444 
269.145306 
-749.565425 
313.232376 
284.631531 
-679.168878 
271.164687 
