302.916270 
306.006651 
-687.152001 
315.447682 
313.294168 
-696.284003 
306.062720 
308.824234 
-690.769151 
305.272247 
320.100400 
-685.084646 
307.333391 
303.764040 
-681.039005 
315.383164 
298.902925 
-693.019169 
307.424974 
300.023961 
307.450388 
308.972195 
-689.570594 
306.778256 
307.249043 
-697.649755 
312.350315 
316.975141 
-694.729406 
307.904273 
322.566633 
-693.891372 
306.845904 
311.428546 
-699.635724 
306.454543 
316.563536 
-680.524655 
309.035333 
312.185005 
-692.970218 
302.959863 
303.871240 
309.478928 
301.784680 
-687.783781 
312.071158 
311.908908 
-688.395893 
