286.315816 
-709.938386 
257.578578 
254.848753 
-705.166003 
333.892399 
288.584417 
-616.708591 
337.748370 
289.871230 
271.778126 
316.412157 
309.204379 
267.513836 
318.405566 
298.628351 
306.516064 
286.704988 
293.270575 
266.230201 
284.235866 
342.282182 
290.132343 
317.109251 
-691.957921 
278.135504 
311.228500 
261.817750 
325.035955 
290.728681 
263.257462 
242.589905 
367.074504 
283.344982 
274.859843 
323.568747 
270.867264 
249.265145 
274.936477 
349.511844 
-733.470794 
258.011895 
322.526788 
-671.132835 
332.341922 
-668.902183 
256.607658 
290.446117 
280.966155 
