249.988581 
337.139208 
327.588906 
413.198969 
320.713529 
-677.878984 
315.017209 
324.367980 
-682.383258 
286.926525 
243.114406 
-713.150677 
276.789015 
311.837652 
-742.121638 
274.726066 
272.870790 
-749.788629 
320.611281 
275.413541 
-748.339967 
256.267754 
300.733805 
294.953928 
280.600527 
253.127023 
319.744159 
338.629542 
325.870361 
-712.582831 
271.085375 
306.917552 
-692.748663 
277.364369 
295.373712 
254.367998 
255.901858 
283.030894 
288.252919 
-747.748660 
251.242671 
324.019882 
-711.274198 
255.568279 
293.038577 
-664.131569 
248.734649 
276.469794 
-687.834622 
