346.058358 
338.344997 
-682.319758 
318.100415 
309.970117 
270.913758 
325.519845 
-673.201966 
236.864544 
274.664164 
321.365675 
334.486002 
255.882434 
309.268685 
276.392863 
294.576305 
317.817556 
321.812752 
272.008827 
-684.431444 
346.467021 
269.438534 
-715.190920 
329.503100 
254.780805 
263.253370 
249.854574 
253.446529 
301.641421 
-691.181924 
277.217211 
304.734490 
-692.235147 
317.778476 
291.837245 
-713.581901 
254.217830 
287.885882 
-675.678703 
317.800833 
313.874892 
258.055965 
328.088569 
299.708974 
381.988648 
334.720113 
-705.541133 
249.109370 
274.005610 
