-726.460603 
288.471124 
285.814393 
-679.722220 
283.148083 
261.911667 
283.858207 
264.491910 
287.757393 
251.346029 
-751.310904 
265.602808 
268.312320 
-704.608098 
245.620458 
322.898982 
-686.769107 
276.240788 
299.756468 
-733.049121 
342.028105 
277.863911 
-689.013968 
251.204571 
254.482365 
-675.123428 
258.946638 
285.567330 
-712.273551 
283.472806 
352.144562 
-732.761597 
314.586704 
283.798646 
-700.608715 
250.497496 
307.043958 
-672.956649 
293.042858 
315.298041 
-672.452735 
360.098332 
329.844848 
-667.053363 
260.694180 
327.280893 
262.880113 
302.969726 
293.417986 
