-650.329693 
274.888583 
285.885077 
-676.100964 
354.980516 
-702.984695 
328.720629 
262.719309 
-692.023007 
330.267346 
272.839157 
-718.172690 
321.690521 
311.069759 
-708.741103 
304.049798 
289.746917 
-666.210980 
310.909081 
280.558502 
-741.887069 
313.549968 
296.634375 
-718.234203 
285.215822 
288.845312 
-747.632069 
262.657093 
258.414593 
-741.049234 
253.967206 
317.943410 
-677.772964 
326.584005 
250.759284 
-727.597348 
282.780921 
344.147697 
-663.579195 
268.195605 
308.236891 
-674.374458 
263.878899 
304.372210 
-737.568758 
260.651801 
310.942763 
-672.123347 
306.185298 
