322.480141 
-676.226625 
318.152545 
270.106022 
-727.820700 
276.236163 
343.799366 
-759.385549 
313.209110 
285.586071 
-673.513687 
243.427915 
274.604354 
-744.498764 
282.331043 
254.107969 
300.558859 
256.658920 
267.300002 
313.072717 
-722.068212 
315.624600 
320.851783 
-671.846177 
287.324237 
257.154132 
-713.637147 
305.244711 
-654.420457 
369.449054 
365.307819 
-725.790748 
327.238730 
367.163651 
-612.078339 
262.101789 
-681.733438 
268.901059 
310.177003 
290.771047 
299.118852 
343.780990 
-594.105012 
396.752868 
249.110908 
-706.768638 
270.973328 
322.308213 
-681.634058 
