281.519036 
260.206062 
-674.360964 
259.448259 
328.362410 
-726.461208 
276.050143 
313.483562 
-727.003930 
339.803962 
301.366198 
-684.700527 
252.314705 
301.858419 
-749.662147 
266.842894 
314.809740 
-703.112701 
283.076268 
285.938233 
-702.698116 
271.108875 
316.186066 
-681.800390 
260.347803 
335.164075 
-685.175863 
295.120253 
325.263511 
-679.813943 
326.021958 
306.360302 
-673.974446 
301.838767 
287.232986 
290.871071 
253.164848 
287.866848 
-726.111983 
257.322672 
285.837385 
-723.503987 
375.335079 
-582.683017 
327.742306 
308.077058 
-694.799125 
313.139384 
318.154891 
