-683.932510 
307.604495 
376.482671 
-652.714794 
328.878556 
-757.686594 
308.692920 
311.160448 
-688.124702 
301.496170 
269.606356 
257.414301 
263.087938 
397.929215 
-656.235003 
326.619452 
246.834777 
-756.664646 
296.089963 
337.279917 
-628.357014 
349.625546 
-591.886274 
318.553267 
284.543163 
254.479879 
274.389180 
320.431498 
280.422750 
338.700523 
339.952886 
-750.567873 
298.882067 
290.635318 
-695.029224 
275.244776 
305.523040 
253.086471 
316.378563 
327.298443 
-707.184031 
337.237211 
338.079775 
-692.286045 
256.529104 
291.731262 
-660.979076 
300.543178 
324.454887 
