-680.704038 
324.625310 
283.690377 
-700.779887 
332.254447 
309.634335 
-691.380051 
282.979301 
270.444342 
-682.594948 
329.652689 
310.017049 
290.681776 
289.183538 
281.081388 
312.420195 
298.245969 
-662.264361 
308.869272 
277.441956 
-699.159331 
287.162007 
297.975120 
-682.921252 
269.315545 
258.118779 
-697.609745 
286.791070 
281.035565 
-644.524417 
344.078279 
338.328448 
-731.687692 
291.422876 
313.962430 
-705.344604 
260.249340 
255.265690 
-754.945565 
265.646310 
282.911654 
333.599859 
267.163687 
263.523385 
318.025689 
267.011672 
273.083590 
290.139766 
-720.525243 
