249.496226 
271.235741 
-748.600831 
257.106448 
277.460198 
-720.357601 
283.731703 
276.501339 
-665.880073 
288.314690 
272.840440 
-696.781559 
286.521786 
276.650569 
278.042844 
313.287449 
297.301878 
281.145551 
280.673954 
333.725601 
-705.080659 
319.229647 
252.164713 
295.823904 
278.560698 
292.152502 
322.863233 
267.490510 
285.533610 
317.950893 
334.541673 
276.536974 
-696.807474 
327.168318 
333.745321 
-678.997031 
246.980748 
339.083384 
-594.673060 
303.051071 
248.521096 
-636.678556 
399.189981 
-716.721579 
312.895821 
346.118459 
-689.884311 
283.835320 
286.896052 
