292.337882 
287.247386 
-697.877714 
288.739119 
284.160150 
-702.549009 
290.268201 
281.483192 
-709.412314 
304.273909 
288.545655 
-709.163207 
290.745269 
296.920412 
-721.713463 
295.734945 
291.045044 
289.957796 
292.105499 
290.378226 
288.543348 
299.633472 
281.367395 
288.038767 
-705.555715 
293.366233 
286.735790 
-704.586399 
285.230557 
294.774826 
-709.026093 
290.310711 
288.185803 
-698.543932 
278.913044 
285.884606 
-699.442355 
292.270823 
283.405046 
-712.228731 
286.703928 
299.902720 
-708.545394 
284.080849 
284.009899 
-697.865498 
286.073302 
287.014808 
-700.501830 
