-664.364386 
331.985008 
342.964083 
-711.766150 
248.073715 
327.366860 
-692.613540 
341.819269 
300.342748 
407.616104 
374.111407 
-738.900515 
327.198502 
256.262768 
-659.124286 
262.091411 
257.133470 
-729.440088 
289.801907 
327.850254 
-697.894503 
323.253284 
291.181362 
-681.374496 
270.029964 
326.333261 
-698.954937 
312.648552 
274.121086 
-699.764423 
259.657643 
259.406762 
-737.267768 
261.538897 
344.285908 
-688.614801 
311.112941 
266.677714 
-716.025115 
379.401545 
340.597409 
-683.949061 
372.274821 
283.084188 
-689.001100 
296.399763 
318.234655 
290.217561 
242.777185 
