266.971109 
-671.203743 
268.290028 
318.370524 
-732.194979 
325.507678 
270.077755 
-724.289499 
302.395189 
287.644071 
-744.595545 
258.394495 
250.058902 
-735.041631 
276.225438 
330.578751 
-694.208204 
322.024330 
317.740736 
-690.693922 
316.837820 
287.434094 
-708.270315 
254.898206 
237.795518 
-723.860878 
321.171741 
297.845726 
-745.273740 
234.256016 
268.133288 
294.795408 
309.938575 
311.523533 
258.817827 
275.392311 
296.241605 
265.075485 
-742.075566 
256.083538 
293.480183 
-681.767354 
288.354217 
246.129021 
-710.925883 
279.916051 
283.760217 
-709.276215 
300.252755 
