247.291768 
-709.940066 
225.737204 
306.008212 
-680.791241 
281.110009 
229.553000 
252.474512 
-722.987578 
307.301344 
251.341250 
-701.927912 
311.951926 
297.984622 
-693.255502 
247.977471 
320.533158 
-700.181757 
260.919660 
269.045891 
-662.207609 
316.073266 
284.474126 
-740.154704 
281.587373 
254.226184 
243.509427 
250.779078 
311.786255 
297.122471 
-773.237070 
229.472932 
258.990062 
-711.427105 
268.444637 
237.020297 
-690.776812 
369.428898 
300.358533 
-708.557879 
247.694279 
259.315938 
-704.805978 
303.522439 
256.375858 
262.962094 
-738.711743 
304.187103 
299.747887 
