-722.589174 
265.920621 
340.358431 
-723.224519 
267.097249 
307.234952 
-749.013138 
234.033494 
272.585765 
-762.389444 
318.753052 
300.386312 
-698.772530 
250.856130 
272.486938 
258.871308 
-686.897738 
266.481091 
328.602605 
296.003545 
317.638952 
-693.930186 
292.008571 
254.875776 
293.780434 
-689.375184 
273.724549 
238.587894 
-704.845424 
299.937079 
296.360776 
-727.722601 
245.676645 
302.536254 
-705.012487 
293.503469 
226.331947 
-756.529314 
255.258469 
278.896249 
227.528261 
-736.831690 
226.622096 
288.855946 
-711.657622 
263.895809 
252.311909 
228.218457 
296.423236 
