298.317779 
225.972548 
-751.909953 
251.564808 
332.013720 
-751.489216 
297.751589 
292.115509 
-707.291514 
288.110778 
252.132791 
-722.934172 
252.768042 
290.617226 
285.084392 
225.354388 
238.197869 
318.791389 
-761.435081 
229.294118 
265.419550 
-753.787682 
271.472015 
265.243183 
281.035479 
-702.181751 
268.240443 
292.516099 
-753.182969 
248.217030 
227.736980 
-774.857105 
237.539219 
232.027811 
303.586247 
-707.610280 
241.278413 
223.844012 
-727.051569 
282.822948 
250.268892 
231.294854 
-693.282473 
297.398473 
325.965256 
283.808485 
260.671886 
222.667515 
-743.484886 
