303.290792 
296.599669 
-755.996155 
300.991005 
292.143715 
-701.794934 
284.188962 
273.117342 
-708.733004 
219.564756 
253.731231 
248.246081 
-699.570041 
286.896368 
327.987603 
-694.312799 
349.238504 
274.220910 
-737.841599 
294.539182 
251.708555 
-692.347507 
280.293132 
351.016419 
-755.130615 
257.608207 
335.754478 
-710.314303 
300.996474 
306.738944 
-714.777486 
279.147817 
358.413729 
235.403649 
297.206050 
295.805972 
-694.102286 
259.349556 
269.739296 
-735.588695 
239.009438 
252.069362 
-721.234784 
232.427107 
253.359774 
266.812316 
-691.243371 
240.776580 
249.470790 
