-696.026648 
279.408210 
256.916773 
-717.393097 
317.630992 
351.335018 
-705.051249 
229.287808 
246.696321 
-723.097557 
267.259966 
273.585333 
282.548674 
-693.799613 
280.356010 
295.731666 
-713.957822 
270.221365 
237.774285 
-766.638430 
268.431475 
234.609536 
-649.605868 
291.397711 
235.587922 
271.793222 
304.837742 
302.403729 
-694.739761 
306.334210 
295.670650 
-700.551459 
316.865791 
273.015951 
-728.384127 
259.438220 
248.929118 
288.053920 
-694.398167 
239.080896 
280.066582 
-706.264449 
259.788334 
315.780268 
-730.593947 
286.036162 
271.890243 
-737.456966 
255.884577 
