251.029939 
278.679671 
-701.333477 
294.672431 
285.660296 
-706.165229 
280.081726 
224.302516 
-750.460211 
262.177121 
260.013982 
-707.601614 
295.606383 
288.585362 
223.956188 
350.062173 
316.006169 
-694.597343 
266.084583 
232.248836 
291.030066 
-728.717327 
287.059606 
254.831187 
-685.972659 
224.804417 
302.427879 
-707.522682 
306.747449 
294.344116 
-705.711077 
293.034805 
273.737241 
-709.091121 
231.064673 
236.627307 
230.643407 
-689.729262 
300.369164 
256.504860 
-686.241604 
302.662897 
310.038305 
320.378470 
259.027822 
292.927324 
-717.214077 
225.304563 
306.230261 
