-691.221942 
254.766357 
308.685521 
-705.027878 
256.570378 
288.206289 
-697.840978 
304.702984 
288.825599 
-745.444477 
227.643630 
331.563099 
-619.819400 
315.252361 
320.905478 
-707.724666 
259.567931 
227.453658 
-699.748827 
301.828437 
240.482780 
-701.699044 
354.546693 
272.950726 
-750.531702 
267.275307 
300.777127 
256.916781 
307.954008 
235.648327 
269.461671 
-766.214451 
266.737868 
332.408718 
-663.331617 
299.575590 
294.052849 
-706.500459 
301.929892 
293.163846 
-739.231060 
307.203720 
272.481244 
-694.342063 
256.210946 
231.973891 
-709.944367 
266.361981 
222.697799 
