263.193139 
-652.338975 
287.800220 
-662.864406 
268.437466 
300.056699 
273.437733 
264.916899 
290.270180 
250.561486 
-712.610700 
298.614368 
232.751566 
-721.249642 
282.386171 
301.767141 
-651.995308 
271.996766 
308.216088 
-730.502925 
297.304642 
293.728486 
-687.408888 
321.550228 
297.659276 
-667.550408 
323.706623 
266.252820 
-767.980925 
237.931684 
260.351680 
-694.003958 
274.891437 
299.977812 
-701.176590 
271.318337 
263.291611 
-676.802009 
294.721870 
314.090202 
-704.460461 
311.723631 
342.998079 
-653.091744 
351.563320 
-637.689361 
264.120536 
319.056840 
-674.739373 
