312.960941 
301.718683 
-703.353715 
299.161806 
308.941231 
-710.102477 
305.265303 
310.304134 
-697.332814 
298.569673 
295.162553 
-689.320038 
305.764906 
303.009792 
-691.536887 
295.765514 
312.848652 
304.472694 
305.217663 
-697.187531 
306.109285 
295.668920 
-687.974011 
309.448955 
310.917688 
-697.749065 
301.165629 
301.917144 
-700.848070 
310.600112 
296.787438 
-702.369357 
299.752620 
299.339642 
-686.544640 
302.723077 
303.190909 
-699.324213 
302.146681 
303.531914 
-697.152572 
300.409135 
301.068281 
-688.570634 
291.053904 
296.325315 
-681.188695 
301.838467 
307.646623 
