364.831967 
324.852595 
-731.137940 
249.847165 
315.821935 
-691.705363 
245.718676 
321.678962 
-640.411559 
252.475252 
232.879920 
-747.041125 
312.363913 
321.447388 
-659.021207 
379.099713 
-672.424936 
324.812065 
362.919673 
-666.790884 
323.364194 
354.163488 
-652.258255 
299.776519 
322.028786 
294.086848 
296.020457 
240.377160 
-740.223717 
226.128468 
299.171711 
-751.339963 
270.088190 
304.060839 
-698.221297 
262.944311 
309.823008 
-706.753877 
266.864668 
325.198553 
-722.778134 
383.649205 
310.371291 
-692.491847 
228.520460 
265.446813 
-740.622951 
257.358034 
269.519832 
