-659.149654 
306.408511 
305.010040 
-763.480476 
326.280535 
298.969258 
-761.079801 
240.774565 
308.067735 
249.455402 
-699.227615 
226.653283 
242.169692 
-699.960902 
285.027288 
231.552491 
-702.860437 
282.973511 
280.982577 
-723.331577 
330.659634 
251.002932 
-726.904571 
231.644452 
267.623099 
227.708177 
-686.943636 
250.687246 
264.836895 
-721.929982 
230.606182 
288.493671 
-691.592333 
255.273742 
290.367437 
-692.944440 
297.650669 
256.870289 
245.825663 
292.561570 
287.100108 
322.455665 
301.227546 
239.400765 
267.340883 
-653.584478 
299.040051 
-690.207304 
277.248305 
