318.064997 
238.627607 
311.927097 
297.521880 
304.098009 
225.644341 
323.410239 
262.156864 
-634.579928 
276.080831 
290.809632 
226.424608 
240.566625 
304.475062 
-736.839045 
305.662435 
229.631652 
-736.182854 
280.929393 
260.982743 
-701.801952 
339.241194 
250.920551 
-637.851073 
341.538480 
335.347694 
-677.037488 
236.327899 
240.922814 
-626.305660 
292.694418 
331.903603 
-720.776498 
303.650736 
310.203944 
-708.248392 
262.011629 
303.567784 
-758.113874 
265.249422 
284.413162 
-650.024368 
306.929673 
307.799066 
-742.673110 
407.234784 
232.706276 
-749.421418 
301.913286 
