290.593618 
-610.301704 
351.581183 
-681.856837 
256.027446 
329.761050 
-706.575452 
251.248764 
317.522953 
-686.076579 
258.547178 
297.592604 
-682.023493 
276.698844 
228.718422 
243.296899 
-722.884284 
307.180758 
223.449457 
-698.698109 
293.087613 
260.306537 
-706.123815 
265.297134 
319.769803 
-726.738962 
324.703343 
260.747775 
238.071170 
339.522050 
320.872524 
-654.410702 
299.423885 
359.319802 
-718.839548 
362.801130 
231.955800 
-688.745204 
274.232713 
233.626787 
-705.655711 
301.210818 
259.279178 
-755.879032 
305.604283 
312.959895 
-771.127687 
225.626581 
256.126299 
