313.167732 
-748.770220 
263.309799 
286.520383 
-620.294831 
253.240853 
301.824279 
-726.866203 
276.073491 
295.748559 
-738.560441 
292.794130 
307.024923 
-710.488400 
324.696508 
294.470092 
-761.857741 
302.564799 
236.564879 
-690.077584 
295.894897 
328.722366 
-687.623846 
289.548893 
288.129836 
-654.661196 
243.469128 
289.723500 
-695.459143 
267.992143 
292.409898 
-735.111106 
278.429789 
381.059334 
-658.845378 
333.053280 
335.250019 
-753.375938 
301.430830 
291.553652 
-698.139496 
232.863036 
226.456684 
-698.144184 
285.771978 
218.258651 
-703.108385 
223.233881 
278.149602 
