239.999779 
-748.613873 
231.178862 
290.697555 
-693.421208 
243.631930 
303.861927 
-688.101493 
251.555617 
298.696622 
-719.813819 
288.205867 
275.667717 
278.361501 
-759.039004 
291.330879 
223.187003 
-689.381923 
226.503007 
295.547258 
-751.475745 
227.103105 
232.028523 
245.205824 
-732.627027 
269.698624 
244.670110 
-748.600845 
281.680452 
225.814800 
-649.175713 
302.309525 
298.566134 
-676.280766 
309.373770 
291.826805 
-739.143606 
221.646937 
252.583088 
232.334398 
-769.020460 
290.007366 
236.421996 
-715.320339 
247.448330 
268.124776 
-682.505427 
223.403274 
227.368030 
