282.300229 
-657.389084 
286.482008 
294.949338 
-760.400837 
314.807654 
302.505426 
-768.597608 
306.857183 
299.117342 
-716.086359 
279.621075 
252.407306 
-728.543061 
276.789107 
256.127290 
-699.936914 
284.908285 
349.265728 
-739.561969 
339.815975 
310.074354 
-655.278555 
287.813214 
407.538678 
-686.490906 
251.975448 
236.079189 
-737.153947 
261.378646 
311.632606 
-744.284162 
331.589550 
229.952767 
-703.888109 
230.264738 
293.796365 
281.437237 
-678.234760 
337.148316 
-702.578853 
312.942091 
320.867670 
-680.931169 
304.569541 
244.049419 
-706.366833 
257.808197 
266.638874 
