258.270867 
-768.487459 
291.597285 
317.493907 
-771.440018 
231.690548 
297.311041 
-720.624915 
267.427648 
304.615780 
-731.553458 
382.241347 
342.777085 
-739.678370 
270.939109 
297.901186 
-732.672022 
271.002305 
296.289370 
-679.425450 
260.279216 
348.946669 
-697.018133 
268.994203 
331.651588 
-695.197407 
232.751308 
269.508748 
250.228076 
258.961489 
265.127412 
304.722339 
-678.880792 
301.299904 
299.969979 
-661.807873 
342.300779 
-729.989329 
301.198502 
251.458989 
234.778201 
-684.820436 
296.462697 
270.873099 
-707.723839 
358.282695 
303.636810 
298.685166 
299.317642 
