265.245691 
-774.693614 
228.958487 
308.833248 
-739.924406 
283.808691 
296.182496 
-750.094926 
278.028180 
252.467903 
-707.004235 
278.386849 
225.652819 
240.815420 
-768.601107 
223.431257 
242.015482 
229.256954 
-738.146061 
234.015094 
241.437963 
-694.485356 
292.061152 
285.864384 
-743.329794 
292.604793 
289.574221 
-758.621931 
304.434252 
306.796707 
-688.959797 
286.313223 
256.130959 
-690.745746 
314.378443 
293.473392 
226.368398 
251.271711 
312.233934 
238.798535 
-697.320917 
260.272429 
250.553459 
-743.272225 
308.452342 
326.840822 
-731.777665 
298.738995 
229.736587 
