-692.007697 
303.260196 
295.752266 
-703.480555 
273.853927 
218.100396 
-707.611130 
309.485956 
262.843337 
287.500532 
225.489653 
316.060437 
222.848971 
-778.107707 
293.214308 
382.975083 
-728.565054 
277.358051 
280.694537 
-714.401017 
239.417138 
255.372596 
-736.667089 
307.059096 
300.783885 
257.790418 
295.800374 
263.781294 
281.893885 
-712.204905 
241.570027 
295.968002 
-692.138776 
337.130394 
272.912880 
-655.944178 
319.747755 
-677.210091 
318.628528 
355.324060 
-647.337996 
295.979296 
251.381735 
-719.951524 
316.989458 
304.581652 
-678.811450 
323.258306 
321.084690 
